1.62243,-15.51242,-0.11115,16.86347,-3.55037,2000,0.21564,51.35588,-74.79739,4.41501,-20.16615,1.0
-33.80391,-15.4417,0.78171,28.11765,6.41342,1000,18.70829,12.72187,-78.84386,6.4202,-20.07421,0.0
-10.49048,-15.48716,0.19168,16.87734,11.41567,1000,-8.57972,6.02294,-78.18658,10.44804,-20.13331,0.0
-18.3993,-15.47262,0.39385,0.3231,-1.22566,1000,8.8181,-8.26627,-78.24734,8.27237,-20.11441,0.0
-38.06452,-15.37007,0.74519,3.12356,0.15829,1000,-2.90392,-11.76543,-79.92011,7.23429,-19.98109,0.0
2.13528,-15.47278,-0.21677,11.62632,-1.78539,2000,5.60305,-23.30847,-75.35696,8.98161,-20.11462,1.0
-12.06341,-15.39016,0.01734,1.92766,-2.52138,1000,-14.80564,21.27088,-78.26144,8.06903,-20.00721,0.0
-1.00275,-15.4569,-0.15962,3.50596,2.0426,1000,1.78448,-16.20681,-76.73808,7.7002,-20.09396,0.0
-12.88126,-15.44137,0.15842,7.79609,0.34916,1000,-1.90421,18.03565,-77.61847,5.77048,-20.07378,0.0
0.14535,-15.4331,-0.24804,12.47875,-4.24306,2000,-4.48597,-27.31991,-73.56616,5.75394,-20.06303,1.0
-30.04746,-15.39323,0.55944,12.98793,0.85595,1000,-18.04556,-49.37976,-76.68708,9.78892,-20.0112,0.0
-7.22974,-15.4124,-0.07578,23.1572,3.48151,1000,20.41084,-34.96813,-78.15053,5.96563,-20.03612,0.0
-13.24424,-15.42325,0.12791,1.06133,7.99599,1000,-9.99321,15.00159,-76.78472,8.25805,-20.05022,0.0
-20.22147,-15.45928,0.41766,-0.87459,2.50626,2000,-0.42993,7.6792,-78.68564,6.09991,-20.09707,0.0
-25.82206,-15.44226,0.5455,23.01882,-1.05012,1000,-0.45998,11.9864,-77.40256,7.58527,-20.07494,0.0
-13.56923,-15.457,0.21453,11.7349,0.28664,1000,6.77848,-4.28455,-75.25672,7.73162,-20.09411,0.0
-29.55587,-15.40648,0.57502,1.96071,0.64663,1000,4.49943,-17.21618,-78.39261,8.19677,-20.02842,0.0
-2.5563,-15.42265,-0.19148,2.38901,4.37652,1000,7.64164,12.42309,-77.51528,7.59626,-20.04944,0.0
3.42031,-15.56648,-0.04139,-0.43013,5.03973,1000,-6.02647,-0.62832,-72.20879,4.1285,-20.23643,1.0
0.48789,-15.52408,-0.0508,16.89069,6.25603,2000,-6.66204,6.74536,-78.26731,7.84088,-20.18131,1.0
-17.82742,-15.3705,0.14402,4.76996,7.20216,1000,-8.70116,7.07911,-79.31932,8.13201,-19.98165,0.0
-9.01088,-15.49463,0.16468,5.29697,-7.02556,1000,0.17336,8.51706,-78.94528,7.22244,-20.14302,0.0
8.02569,-15.59959,-0.10294,-0.12419,-10.77895,1000,0.3524,-13.36785,-73.79352,5.94932,-20.27947,1.0
-6.23107,-15.37007,-0.20199,14.1456,8.2439,1000,6.12046,-15.74669,-76.57548,8.83387,-19.98109,0.0
7.66331,-15.48372,-0.35633,14.24966,-1.50232,2000,0.61909,-1.88073,-77.14143,6.86571,-20.12883,1.0
2.06526,-15.59968,0.07462,9.3742,-7.65411,2000,-3.4645,-19.12423,-73.96099,7.21852,-20.27959,1.0
21.14017,-15.4956,-0.73024,6.0718,-7.57873,2000,7.55799,-25.84994,-79.44756,9.31113,-20.14428,1.0
4.79816,-15.43786,-0.37563,12.23259,10.68247,2000,-8.30674,11.66182,-76.027,8.90771,-20.06921,1.0
-15.93236,-15.36891,0.08402,-4.95284,-3.22862,2000,-5.00904,25.5088,-72.41075,10.58792,-19.97959,0.0
5.75535,-15.38859,-0.51642,13.1163,-4.43994,2000,-1.18701,6.81616,-79.01338,9.11172,-20.00517,1.0
-32.59104,-15.43499,0.73033,5.62028,3.4536,1000,-5.13344,17.58425,-72.44575,4.60161,-20.06549,0.0
2.45221,-15.45531,-0.26605,7.1433,-4.41003,2000,26.33192,97.4201,-73.83511,6.15909,-20.0919,1.0
-25.79221,-15.50983,0.69865,19.68854,4.22723,1000,1.57813,-1.50589,-77.34172,7.53263,-20.16278,0.0
-3.98663,-15.53723,0.11231,4.17921,-8.43417,1000,-19.97895,15.35888,-75.57528,6.14678,-20.1984,0.0
-14.84552,-15.38621,0.09111,-8.72905,-5.26169,2000,-11.82756,8.27073,-79.03702,7.68203,-20.00207,0.0
6.51852,-15.58736,-0.08599,7.77652,0.8183,2000,-5.64335,-46.40653,-76.81847,7.8337,-20.26357,1.0
6.0566,-15.47757,-0.32253,0.8465,-3.96552,2000,-9.5407,10.71793,-78.08059,7.80364,-20.12085,1.0
-18.29736,-15.43011,0.2939,23.86395,4.97393,1000,-2.04045,-11.16637,-74.37601,6.86687,-20.05914,0.0
-29.47564,-15.4375,0.64335,12.84462,-4.17527,1000,-28.7868,-0.96182,-76.85926,10.70957,-20.06875,0.0
-29.53498,-15.38049,0.51515,0.25502,-1.45039,1000,-2.40239,9.80442,-75.03548,4.4695,-19.99464,0.0
-41.05447,-15.33611,0.75673,19.6313,6.80984,1000,5.12827,-10.89057,-77.96476,8.53195,-19.93694,0.0
-14.32877,-15.37381,0.04748,0.86359,-1.04626,1000,2.96498,-12.78634,-78.30325,7.36719,-19.98596,0.0
7.34082,-15.5985,-0.08506,6.43607,-5.33948,2000,14.40008,29.63424,-74.51749,6.91892,-20.27805,1.0
-1.34963,-15.48479,-0.08572,10.66485,5.90374,1000,-12.64422,-6.77717,-77.19879,6.40288,-20.13022,0.0
-27.58461,-15.37054,0.43444,32.61372,6.92943,1000,-11.62588,4.51458,-78.56389,9.14792,-19.9817,0.0
-33.50464,-15.42239,0.72879,17.93122,-2.18647,1000,4.57859,-16.89835,-77.90919,7.91137,-20.04911,0.0
-11.10703,-15.39405,-0.00225,18.64741,6.17288,1000,-0.3974,-4.36125,-79.46759,5.88458,-20.01226,0.0
-26.40844,-15.37943,0.4197,19.77307,4.60554,1000,7.43519,41.10497,-77.2186,8.16472,-19.99325,0.0
-6.31451,-15.3853,-0.1648,3.26079,0.96644,1000,3.51147,4.72864,-72.70767,6.02881,-20.00089,0.0
-15.49164,-15.42199,0.19191,-17.51294,0.59063,2000,4.23342,-12.94277,-78.42834,7.34812,-20.04859,0.0
-6.48808,-15.3864,-0.15712,-3.40376,5.61306,2000,-18.18712,16.0725,-78.40005,8.5586,-20.00232,0.0
-14.29369,-15.50041,0.33503,1.48842,-0.61142,1000,-5.26968,-12.59583,-75.44075,5.79341,-20.15053,0.0
-30.75278,-15.46661,0.74772,11.97294,1.48605,1000,-0.63279,-12.72677,-73.3371,8.55933,-20.10659,0.0
-16.42762,-15.35934,0.07693,-13.07983,-9.41892,2000,3.10205,9.58733,-72.60949,9.7143,-19.96714,0.0
-40.40151,-15.33327,0.73082,11.82508,3.82203,1000,-7.88588,23.72154,-77.36277,7.94389,-19.93325,0.0
4.08271,-15.467,-0.28789,27.0405,-3.20369,2000,-12.90385,17.09463,-77.57689,7.2512,-20.1071,1.0
-29.66024,-15.45921,0.69833,11.87453,5.98121,1000,0.02932,5.83074,-73.35181,8.55333,-20.09697,0.0
-17.19388,-15.37766,0.1415,17.55211,5.34523,1000,10.65335,26.46186,-77.95658,8.95306,-19.99096,0.0
11.98499,-15.45318,-0.55453,17.57588,3.35393,2000,14.70932,-23.12109,-77.25036,8.3475,-20.08914,1.0
-16.86641,-15.4198,0.22783,16.12533,-2.48301,1000,12.05076,-41.55129,-78.13425,10.23023,-20.04574,0.0
12.26258,-15.49041,-0.47792,1.1511,-6.47956,2000,2.69328,-0.44298,-77.8572,7.17185,-20.13753,1.0
-10.81817,-15.50196,0.23516,7.76577,-2.80203,1000,2.31857,-2.9936,-74.22052,8.07586,-20.15255,0.0
-36.98073,-15.35567,0.68012,18.33925,2.51386,1000,-2.73899,19.96998,-78.14098,7.17099,-19.96237,0.0
2.50187,-15.41707,-0.3547,12.74475,-6.6347,2000,5.45419,-9.01334,-79.46296,6.64414,-20.04219,1.0
15.17434,-15.40331,-0.76312,9.58964,-6.12696,2000,-8.60936,27.73526,-79.65592,6.655,-20.02431,1.0
-4.64932,-15.50672,0.06247,2.22997,-0.43861,1000,-1.83133,5.90191,-78.15508,8.62263,-20.15874,0.0
-33.45,-15.37202,0.61232,8.46557,-0.28902,1000,-10.06256,1.90092,-73.77937,7.92242,-19.98362,0.0
-22.19162,-15.50646,0.58384,4.09571,-3.70292,1000,12.3426,-11.37472,-76.26862,8.80118,-20.1584,0.0
-22.49687,-15.39401,0.33657,4.94438,6.54149,1000,4.69085,-13.82033,-74.59123,9.38145,-20.01222,0.0
-8.49179,-15.51798,0.20246,2.18582,4.44137,1000,-0.37094,10.52908,-74.04234,9.42405,-20.17337,0.0
-14.25024,-15.36188,0.01794,38.11035,1.45905,1000,-2.28533,17.92363,-78.56955,6.77617,-19.97045,0.0
-14.947,-15.44743,0.23369,2.97593,-4.33349,1000,1.70721,5.03447,-75.82787,8.02164,-20.08165,0.0
3.01357,-15.58365,0.00986,2.83886,2.22331,2000,16.34265,-6.01922,-77.03717,6.09618,-20.25875,1.0
2.68063,-15.49634,-0.17929,-11.92644,-4.52559,1000,1.85319,-5.22748,-76.74211,6.7287,-20.14525,1.0
8.84117,-15.45835,-0.44921,9.99071,0.88457,2000,-23.05541,35.83609,-77.02928,7.15676,-20.09585,1.0
-27.28328,-15.49095,0.69998,4.52816,2.62332,1000,5.88552,-11.3141,-73.86948,8.65101,-20.13824,0.0
7.03313,-15.46107,-0.38922,0.82043,5.50787,2000,-12.08395,19.94679,-77.91474,6.91907,-20.09939,1.0
-6.1987,-15.497,0.08641,10.2745,-1.02673,1000,5.6116,21.15981,-79.14869,9.10351,-20.1461,0.0
-6.22486,-15.37266,-0.19627,-10.67195,6.85492,2000,-1.24279,-38.02717,-72.20721,7.50089,-19.98446,0.0
-37.39773,-15.40809,0.81202,14.10009,6.35082,1000,-3.70292,5.86867,-76.09302,9.79396,-20.03051,0.0
-19.88428,-15.37156,0.20764,7.75943,1.66565,1000,8.61706,-9.7787,-77.22701,7.30118,-19.98303,0.0
-40.55023,-15.33259,0.73371,15.7896,1.2911,1000,-6.17551,-4.48375,-75.86146,6.07408,-19.93237,0.0
-10.47582,-15.44004,0.08382,23.10188,5.29175,1000,2.22097,15.22906,-73.24433,4.40536,-20.07205,0.0
17.02249,-15.51167,-0.57108,11.8445,-0.91475,2000,13.3393,-33.84157,-77.23088,6.95447,-20.16517,1.0
-33.53857,-15.46193,0.81995,20.04088,-0.68576,1000,-6.29486,13.22489,-76.94625,6.33964,-20.10051,0.0
-25.78601,-15.50228,0.68126,15.99068,7.47024,1000,-0.02932,3.3708,-78.57694,7.50858,-20.15297,0.0
-4.65425,-15.38161,-0.22261,24.42574,5.16652,1000,18.40751,50.13871,-76.69739,7.68503,-19.99609,0.0
-34.61638,-15.36717,0.63597,18.21304,1.57773,1000,-0.69365,-0.99945,-76.73802,9.70802,-19.97732,0.0
-33.9544,-15.47009,0.85092,22.59375,0.85226,1000,4.16766,1.33535,-77.64157,6.9042,-20.11112,0.0
0.68938,-15.47269,-0.17397,1.07064,-2.43698,2000,-17.19989,38.70521,-76.76885,7.99548,-20.11449,1.0
-32.34026,-15.33956,0.50531,15.20081,1.70736,1000,0.53333,-12.86708,-78.76298,7.69501,-19.94143,0.0
-7.53687,-15.47687,0.08034,-8.61722,0.93074,2000,-15.01276,-17.26596,-77.22429,8.76766,-20.11993,0.0
5.23568,-15.52894,-0.18099,11.33897,1.3843,2000,-6.05955,13.36386,-79.52521,9.90644,-20.18763,1.0
1.2046,-15.53057,-0.05734,-1.88879,-2.17208,1000,-12.91012,8.63861,-75.6601,5.8696,-20.18974,1.0
-30.43481,-15.34475,0.46045,10.95649,5.63854,1000,14.83694,3.42649,-73.16975,6.9136,-19.94818,0.0
-18.81324,-15.48249,0.42867,13.84218,8.17872,1000,2.32056,-5.14377,-74.9093,9.88491,-20.12724,0.0
-33.11807,-15.38346,0.62854,-6.04066,-3.51771,2000,19.66933,-7.85658,-76.05923,7.88986,-19.9985,0.0
-10.6959,-15.38265,-0.04048,11.38725,-1.17612,1000,-0.31971,-2.71231,-76.5731,7.76975,-19.99744,0.0
-29.44578,-15.50282,0.79139,0.75296,-3.51205,1000,2.64481,5.75039,-78.0153,7.75657,-20.15367,0.0
-13.96012,-15.43293,0.17128,-8.30989,-5.47596,2000,-0.35877,9.90046,-79.88994,8.1909,-20.06281,0.0
-22.34696,-15.40523,0.35767,12.79286,-3.94405,1000,-7.42722,20.32119,-78.58852,8.31372,-20.0268,0.0
-35.4089,-15.40823,0.75316,-7.62236,-0.46072,2000,-10.76377,-42.1125,-76.63698,5.58063,-20.0307,0.0
-2.86706,-15.48041,-0.05053,22.28047,-1.73453,1000,-0.74542,1.89635,-76.12155,6.94346,-20.12454,0.0
-37.01747,-15.42353,0.83591,14.02842,0.92845,1000,7.78044,-8.78607,-77.77954,8.81988,-20.05059,0.0
-8.68029,-15.45088,0.0551,28.42826,8.26709,1000,-2.71642,-10.88364,-72.14267,8.90627,-20.08614,0.0
-27.54582,-15.34909,0.38437,-3.44479,-5.67867,2000,9.0522,24.25674,-77.55607,12.29223,-19.95381,0.0
-27.2189,-15.36481,0.41048,-2.38255,2.32318,2000,11.14462,-13.6317,-76.14881,8.88625,-19.97425,0.0
-27.91064,-15.43699,0.59563,18.171,6.56587,1000,9.07487,22.90886,-72.38947,9.56786,-20.06809,0.0
-4.08642,-15.46554,-0.04816,13.14323,-12.20216,1000,-3.18537,4.34105,-76.84544,9.47149,-20.1052,0.0
-34.19039,-15.3674,0.62382,7.997,-8.64476,1000,0.46993,7.55711,-77.58468,9.51337,-19.97762,0.0
-10.50418,-15.39667,-0.01421,13.24298,-3.29225,1000,-20.766,36.55023,-77.44764,6.90013,-20.01567,0.0
-18.02376,-15.43783,0.30336,25.61605,0.67379,1000,-2.88755,12.43251,-76.26867,7.46959,-20.06918,0.0
-16.14449,-15.40403,0.1704,11.57877,-0.90453,1000,6.67354,-4.14525,-71.68655,8.18165,-20.02524,0.0
-5.24016,-15.52562,0.12315,9.85709,7.63078,1000,2.64942,22.08868,-74.55631,5.31887,-20.18331,0.0
-37.44865,-15.34841,0.67747,18.49772,0.24485,1000,-6.65124,11.38182,-79.33461,6.71368,-19.95293,0.0
-32.54756,-15.3585,0.55466,15.31214,-6.30526,1000,18.16607,-34.08941,-79.0893,8.119,-19.96605,0.0
-24.30942,-15.40966,0.42617,19.98347,2.75535,1000,0.01278,-6.69008,-76.17775,7.97063,-20.03256,0.0
-39.94108,-15.37617,0.81493,16.72402,-1.6341,1000,-2.36716,-27.06818,-81.18706,7.6741,-19.98902,0.0
-12.21147,-15.36925,-0.02592,10.50796,-0.39211,1000,-0.25263,20.89465,-77.0407,7.91197,-19.98003,0.0
-0.55538,-15.45984,-0.16623,12.27733,2.3282,1000,8.0123,-8.51625,-78.29106,7.18539,-20.09779,0.0
-25.61417,-15.47984,0.625,-15.37305,-7.08883,2000,-10.99492,17.56456,-77.5678,8.15965,-20.1238,0.0
-36.69103,-15.35845,0.67783,-4.08298,-2.81575,2000,3.18674,-21.64562,-76.85514,7.8317,-19.96599,0.0
-3.08621,-15.49093,-0.02005,15.06011,6.25043,1000,4.342,-9.3148,-77.10688,6.95383,-20.13821,0.0
0.45269,-15.37291,-0.39439,-0.5396,6.09014,1000,-5.34723,8.45241,-77.16846,9.30997,-19.98479,1.0
-4.82932,-15.45408,-0.05219,-1.69488,-0.7509,2000,2.54547,-5.48526,-72.96148,8.00749,-20.0903,0.0
-14.3492,-15.42315,0.16057,4.95121,-1.26389,1000,7.88598,-1.41828,-77.68434,7.39849,-20.0501,0.0
-29.8396,-15.43976,0.65933,-12.61302,-2.53445,2000,-3.00272,-17.48101,-77.87143,8.43734,-20.07169,0.0
-28.71566,-15.41637,0.57257,5.72798,-5.02839,1000,7.30434,-24.65289,-76.57453,7.15199,-20.04128,0.0
3.0938,-15.56293,-0.03977,13.30187,-0.15958,2000,-7.47619,32.29923,-75.18143,5.83202,-20.23181,1.0
-14.96971,-15.36876,0.05503,11.99774,2.59813,1000,5.38974,30.254,-76.68976,9.80728,-19.97939,0.0
-9.8605,-15.39805,-0.03021,5.6501,0.40113,1000,11.14576,-14.6968,-78.17294,7.17602,-20.01747,0.0
7.53223,-15.50212,-0.31047,15.36676,-3.4002,2000,3.30748,1.98366,-78.92899,7.26037,-20.15276,1.0
-30.82339,-15.45235,0.71732,12.81052,5.14593,1000,16.45957,-26.20291,-78.40381,6.40051,-20.08806,0.0
9.98541,-15.61355,-0.12944,17.30239,-3.15349,2000,-13.90426,-25.0354,-76.78883,7.54515,-20.29761,1.0
-1.46324,-15.48628,-0.07892,3.16748,-0.29738,1000,-9.52339,-3.41141,-72.91581,4.82064,-20.13217,0.0
-18.30908,-15.44673,0.33215,18.34799,9.13424,1000,3.67653,12.33917,-73.36075,9.07618,-20.08075,0.0
-22.75429,-15.42746,0.42047,22.17401,1.79979,1000,5.55652,32.21087,-77.89048,6.10622,-20.05569,0.0
-28.78042,-15.37126,0.47166,13.70889,3.66734,1000,-2.76052,1.9654,-74.61173,8.37127,-19.98264,0.0
-16.28661,-15.38585,0.13316,-2.39329,-0.25729,2000,-0.0447,9.32182,-76.98841,8.78843,-20.0016,0.0
-30.343,-15.38866,0.55783,32.41205,7.93069,1000,4.30025,-9.50048,-76.61333,7.2623,-20.00526,0.0
7.02935,-15.42869,-0.46293,7.39368,-8.37056,2000,12.06355,-33.86308,-79.67115,5.7089,-20.05729,1.0
-14.34884,-15.52381,0.39004,2.95512,-0.1551,1000,-6.76233,-10.09894,-78.19259,6.96313,-20.18096,0.0
15.83705,-15.46676,-0.63819,23.99498,9.55197,2000,-4.40546,-3.7658,-79.65327,8.54103,-20.10679,1.0
1.05155,-15.51202,-0.09508,18.81733,4.50941,2000,-19.28853,-0.92131,-72.91548,4.96513,-20.16562,1.0
-10.20379,-15.3935,-0.03038,22.80095,-1.14838,1000,2.48907,18.8672,-78.51342,6.74678,-20.01155,0.0
-5.07444,-15.50361,0.06802,14.74901,11.32918,1000,30.3334,-4.44609,-76.38673,10.66831,-20.15469,0.0
-0.80767,-15.37844,-0.34428,31.87895,6.17848,1000,-6.94171,1.33655,-77.01093,7.18178,-19.99198,0.0
-27.55727,-15.35892,0.40713,22.71795,-2.35409,1000,-3.03932,-20.25658,-78.41842,8.25198,-19.9666,0.0
-12.65325,-15.39749,0.0516,6.25842,-3.77514,1000,-3.20347,-5.39603,-74.7921,7.16039,-20.01674,0.0
-34.62531,-15.34302,0.58119,29.657,-1.31126,1000,-20.83937,30.6029,-79.00395,10.2829,-19.94593,0.0
8.75221,-15.39233,-0.59707,10.81072,-5.23421,2000,-3.55707,16.38369,-76.13165,9.08972,-20.01003,1.0
-21.5322,-15.45783,0.45336,-1.33428,3.71082,2000,-0.17982,7.85938,-78.02475,8.17014,-20.09518,0.0
-8.932,-15.47841,0.12536,25.96046,-4.85199,1000,-5.57766,-16.90004,-75.35175,5.60758,-20.12193,0.0
-31.86928,-15.49839,0.8534,0.01793,-5.62436,1000,-12.74123,2.69434,-70.90809,6.37015,-20.14791,0.0
10.31423,-15.47164,-0.46273,-8.31662,-11.39032,1000,-3.83182,-3.58742,-77.24601,5.71215,-20.11314,1.0
-6.21625,-15.41062,-0.11,14.14429,6.45159,1000,0.6414,-8.03005,-73.18721,6.84509,-20.0338,0.0
-12.87777,-15.36068,-0.02564,2.13946,-3.52464,1000,-7.4884,23.33282,-79.47845,8.7685,-19.96888,0.0
-25.89372,-15.35508,0.34887,19.22202,1.93817,1000,-23.50075,36.20932,-80.90492,10.41279,-19.9616,0.0
3.73629,-15.4556,-0.30358,2.3946,-1.34712,2000,-6.28614,-32.54106,-78.42158,8.7642,-20.09228,1.0
5.52707,-15.571,-0.09379,19.95221,5.34638,2000,-5.50555,20.83524,-75.88506,6.31993,-20.24229,1.0
15.86884,-15.49732,-0.56948,-9.58893,-4.75958,1000,12.42122,-7.21184,-76.94378,7.00731,-20.14651,1.0
5.2563,-15.61201,0.00776,7.07475,-2.61725,2000,1.6079,-62.17477,-74.95115,4.92537,-20.29561,1.0
-31.256,-15.37975,0.56467,17.83841,3.01248,1000,17.91154,-37.48795,-80.71728,7.32766,-19.99368,0.0
-36.76513,-15.43646,0.85789,7.89933,1.16648,1000,-17.59502,-10.88094,-76.89175,7.26684,-20.0674,0.0
21.48364,-15.45269,-0.83828,1.67299,-0.11696,2000,6.0302,-6.39942,-79.62564,9.03008,-20.0885,1.0
-1.49414,-15.50435,-0.03681,7.97293,-11.68188,1000,-0.63626,-0.58951,-76.95821,4.46703,-20.15566,0.0
2.23188,-15.36669,-0.46151,5.76502,-2.83449,2000,-6.81425,-1.90203,-78.17935,8.5926,-19.9767,1.0
-22.82339,-15.42675,0.42092,12.10036,0.85124,1000,4.39861,13.75509,-79.52769,10.64026,-20.05478,0.0
-33.49968,-15.34153,0.5443,5.68773,-2.81412,1000,8.33774,2.52101,-78.62789,7.54492,-19.94399,0.0
-35.06361,-15.43595,0.80609,14.81971,4.35375,1000,21.67328,-25.95736,-78.45157,7.29008,-20.06674,0.0
-33.48337,-15.37201,0.61331,22.13285,-2.48374,1000,-20.3318,-4.61465,-77.29727,7.43167,-19.98362,0.0
-15.88905,-15.42968,0.22127,0.73246,-5.7633,1000,6.08325,-34.83768,-76.41233,5.51937,-20.05858,0.0
22.24365,-15.51298,-0.72344,-2.21332,-0.82908,1000,-1.78286,17.51686,-78.5295,8.54922,-20.16688,1.0
-5.89826,-15.49745,0.0785,15.76887,7.09385,1000,-9.45513,-41.74396,-74.87425,5.62655,-20.14669,0.0
-41.7442,-15.34086,0.78809,4.40504,2.28865,1000,-1.2965,-12.23302,-78.98724,8.71976,-19.94312,0.0
6.6827,-15.44834,-0.4078,10.53202,-4.24129,2000,-9.96379,26.39302,-77.61112,6.89565,-20.08284,1.0
16.38275,-15.42168,-0.75719,10.73365,2.09972,2000,12.49408,-35.32392,-80.22424,10.95035,-20.04819,1.0
-28.79148,-15.39586,0.52807,0.14525,6.99889,1000,6.83694,-28.31427,-73.40298,5.24516,-20.01462,0.0
-2.11174,-15.48902,-0.0534,4.88413,-5.60498,1000,6.99288,-11.74967,-76.94868,8.56855,-20.13572,0.0
-3.99162,-15.48292,-0.01136,1.98053,-1.26664,1000,-2.57742,10.76284,-73.82706,6.76446,-20.12779,0.0
-5.01951,-15.45409,-0.04651,-0.02914,2.40673,2000,-5.51676,11.26628,-78.36,8.75658,-20.09031,0.0
-22.52489,-15.48787,0.55137,7.93749,0.27683,1000,13.76155,9.61551,-70.34429,7.2354,-20.13423,0.0
16.20451,-15.38967,-0.82487,11.11501,-0.8507,2000,0.33851,-3.27083,-77.56382,7.92103,-20.00657,1.0
-7.62912,-15.40577,-0.079,2.03782,4.1426,1000,5.71868,-9.24616,-75.51792,7.19342,-20.02751,0.0
-30.46086,-15.39102,0.5667,3.38216,-3.51889,1000,17.69301,13.33992,-77.63332,7.38989,-20.00832,0.0
-7.28502,-15.36166,-0.18982,17.47329,2.27206,1000,-14.35868,6.77398,-75.75469,6.07642,-19.97015,0.0
-9.9944,-15.39161,-0.04093,6.71519,-9.68871,1000,8.47771,46.25132,-76.57858,9.08133,-20.00909,0.0
-9.18386,-15.36441,-0.12705,5.48225,7.4596,1000,0.78326,15.43964,-72.95103,9.28215,-19.97373,0.0
-26.42578,-15.41891,0.51023,18.53025,-7.08214,1000,3.82829,-4.90514,-78.25153,8.77252,-20.04458,0.0
-2.55121,-15.54642,0.09055,38.45999,3.29069,1000,19.04235,-41.68853,-75.6625,6.67193,-20.21035,0.0
-29.64307,-15.42034,0.60921,12.48937,1.62451,1000,8.23728,7.78924,-71.66521,8.30098,-20.04644,0.0
-23.24379,-15.43062,0.44225,7.69637,0.79378,1000,-8.46112,24.93571,-79.1306,10.11099,-20.05981,0.0
-12.62498,-15.43908,0.14558,18.75839,-0.25821,1000,15.73196,-6.11787,-71.89618,5.46471,-20.07081,0.0
-16.04272,-15.38628,0.12689,5.74093,-3.67838,1000,-4.48976,15.45267,-75.66505,6.40538,-20.00216,0.0
13.42329,-15.43648,-0.63541,7.57495,-6.33826,2000,9.26145,-2.05643,-79.98283,8.44107,-20.06742,1.0
-10.78004,-15.4353,0.08206,8.33813,0.31488,1000,-15.09601,32.35971,-76.10291,7.09935,-20.06589,0.0
-32.8674,-15.41207,0.6863,-0.09615,3.7981,2000,-3.15107,10.56908,-76.54357,10.8024,-20.03569,0.0
-40.94587,-15.36028,0.8086,-1.41646,-2.90135,2000,2.12308,-9.33822,-75.7871,11.36712,-19.96836,0.0
0.50586,-15.5458,-0.00183,31.33895,-1.14756,2000,-3.42706,1.15601,-74.75335,6.13138,-20.20954,1.0
-9.64348,-15.42561,0.02615,25.41575,-6.04927,1000,20.44719,11.49944,-75.96779,6.64151,-20.05329,0.0
11.63102,-15.45522,-0.53936,21.13175,4.34206,2000,3.95302,-5.4212,-77.65041,7.79413,-20.09178,1.0
-1.06939,-15.49894,-0.06179,18.03113,-2.38582,1000,2.3786,28.71579,-73.30859,9.61364,-20.14862,0.0
-28.323,-15.51047,0.77541,-4.51484,-8.80412,2000,-3.10906,-18.73845,-75.61029,5.51979,-20.16361,0.0
-0.43238,-15.38707,-0.33579,32.16823,-2.31069,1000,-17.77788,-10.17417,-76.72821,8.92361,-20.00319,0.0
-27.95733,-15.35027,0.39931,11.19204,7.98377,1000,-17.49572,35.80564,-79.61099,7.56631,-19.95535,0.0
-35.43079,-15.3729,0.67327,15.84567,-2.1262,1000,7.38575,-3.83522,-78.0442,7.50815,-19.98477,0.0
-7.58732,-15.44628,0.01211,-0.09317,-3.75618,2000,-7.7256,15.91296,-79.85585,8.20641,-20.08017,0.0
-16.00369,-15.48855,0.35889,1.22567,3.43067,1000,-7.76415,20.0111,-77.32712,8.1616,-20.13512,0.0
-31.88415,-15.40054,0.63076,-0.66472,0.36997,2000,-8.23596,12.57084,-79.82956,7.10059,-20.0207,-1.0
-10.47868,-15.52233,0.2715,17.4019,3.27549,1000,0.00319,6.64966,-72.97865,8.42275,-20.17903,0.0
-7.04089,-15.49008,0.0957,12.50913,1.42433,1000,8.67009,18.58003,-74.25538,6.02742,-20.13711,0.0
-38.65473,-15.39951,0.82985,21.30542,-6.23488,1000,5.19937,-16.49987,-78.096,9.1629,-20.01936,0.0
-31.58646,-15.34983,0.50629,26.46493,7.33685,1000,-17.60995,4.52787,-77.00514,11.02008,-19.95478,0.0
5.36554,-15.44767,-0.37013,18.33362,2.53809,2000,4.90596,-8.57074,-78.41727,7.82005,-20.08198,1.0
-30.47179,-15.39354,0.57277,10.67211,-8.36881,1000,-7.2909,22.60583,-74.95937,7.95824,-20.0116,0.0
-30.58895,-15.46415,0.73724,6.15752,3.6126,1000,10.83181,-1.74338,-79.25878,9.6443,-20.1034,0.0
-11.07656,-15.47759,0.18729,25.33407,-0.92235,1000,9.95966,-15.6093,-80.47994,7.713,-20.12086,0.0
-35.50606,-15.34703,0.61655,0.01139,0.46717,1000,-5.38956,23.11189,-76.09259,8.59946,-19.95114,0.0
-30.06547,-15.3651,0.49586,-7.85242,2.04562,2000,6.30354,16.39368,-71.34907,5.67566,-19.97464,0.0
-1.42755,-15.49229,-0.0663,9.48575,7.24838,1000,7.50629,-5.18808,-77.85053,7.08594,-20.13997,0.0
-32.14235,-15.47482,0.80779,23.56143,-2.78184,1000,0.37973,-24.94237,-74.48501,7.97206,-20.11727,0.0
-4.20405,-15.49517,0.02289,18.6464,-6.59033,1000,-12.96987,35.99899,-74.65289,4.10334,-20.14372,0.0
-19.46226,-15.4562,0.38805,8.90619,6.41883,1000,4.12573,5.2206,-72.53523,7.40278,-20.09306,0.0
-32.9045,-15.47237,0.82488,6.17984,-4.68939,1000,-5.10878,-16.10568,-79.3615,9.83218,-20.11409,0.0
-1.22331,-15.47629,-0.10884,4.16137,10.11302,1000,17.94376,-27.39984,-74.27659,6.55223,-20.11918,0.0
-38.77886,-15.39012,0.81216,27.38415,6.81294,1000,-6.5546,-32.01874,-75.01602,10.2098,-20.00716,0.0
-37.61662,-15.41456,0.83329,-0.40337,-0.03068,2000,-33.18559,-50.11701,-74.30286,7.86391,-20.03893,0.0
-14.26957,-15.43272,0.18,-6.76061,-0.22949,2000,-6.60498,-5.64603,-76.41561,8.01045,-20.06253,0.0
-28.83646,-15.45771,0.67041,33.35799,-4.81024,1000,2.34982,15.61695,-78.19951,7.27514,-20.09502,0.0
-41.02184,-15.34272,0.77083,26.66233,3.14185,1000,-20.74681,19.20447,-74.43222,9.05598,-19.94554,0.0
-40.43754,-15.39117,0.8639,20.24634,5.72369,1000,7.73319,6.95078,-78.82083,7.87842,-20.00852,0.0
-3.31899,-15.49256,-0.00941,11.77972,-3.93691,1000,-0.34402,-39.43317,-74.5458,4.58095,-20.14032,0.0
14.86928,-15.48677,-0.56377,-5.49736,7.59615,1000,-4.08772,14.15282,-74.10606,7.68478,-20.13281,1.0
-25.49574,-15.4668,0.59174,-7.01111,-2.14131,2000,-9.23611,3.12236,-80.50774,8.9545,-20.10685,0.0
-42.64552,-15.366,0.8722,21.48089,-3.25427,1000,-12.14726,22.01492,-77.19922,6.32108,-19.97579,0.0
-27.52263,-15.38811,0.47265,-0.12212,-4.76326,2000,-0.13623,-14.54048,-75.67212,8.04883,-20.00454,0.0
-20.07138,-15.36438,0.19683,-1.27879,-9.23665,2000,7.03135,14.07928,-76.34834,7.75006,-19.97369,0.0
18.81753,-15.47794,-0.70138,9.64352,8.35486,2000,10.16911,-22.25976,-77.43124,10.19613,-20.12133,1.0
-3.39429,-15.47244,-0.05303,3.23555,-2.94521,1000,-4.6979,-13.24455,-75.84982,6.95792,-20.11417,0.0
-40.29689,-15.33173,0.7242,13.20572,6.45788,1000,20.25871,-60.55551,-77.04154,7.0567,-19.93125,0.0
1.2483,-15.43563,-0.27509,7.54323,4.70593,2000,-0.3549,-6.09385,-77.76324,7.90654,-20.06631,1.0
-11.55412,-15.37733,-0.02706,9.37033,-1.17193,1000,-8.92424,17.52322,-76.59152,6.22347,-19.99053,0.0
-10.66839,-15.36312,-0.08582,22.49195,-3.6228,1000,-8.70203,-39.11406,-73.9326,6.87737,-19.97205,0.0
-38.46374,-15.36538,0.74637,-1.27599,0.831,2000,-7.10827,1.02957,-70.78392,9.20983,-19.97499,0.0
18.07578,-15.46934,-0.69893,7.75245,13.43098,2000,22.01835,-36.4651,-77.10321,7.57149,-20.11014,1.0
-18.57399,-15.41669,0.27154,12.14179,1.13767,1000,-29.11573,20.85542,-76.2652,10.75408,-20.0417,0.0
-32.34278,-15.47816,0.82137,8.93142,-2.46107,1000,-0.3571,6.21743,-79.47082,8.12072,-20.12161,0.0
-15.47604,-15.45938,0.27669,8.21638,-3.98391,1000,10.33229,-15.02447,-77.32133,7.41576,-20.0972,0.0
-11.68184,-15.4427,0.12576,2.42508,-2.61584,1000,-2.46532,12.07235,-75.34003,7.64776,-20.07551,0.0
-3.88852,-15.48065,-0.0196,6.84853,6.59077,1000,15.47652,39.08605,-73.45098,5.74938,-20.12485,0.0
1.71657,-15.39896,-0.37261,13.88193,-2.12775,2000,13.48662,-30.11494,-78.40051,7.52115,-20.01865,1.0
-32.94513,-15.37928,0.61385,22.30032,0.6304,1000,-3.9884,5.10357,-79.83356,8.02223,-19.99306,0.0
-0.97102,-15.40013,-0.28997,-9.55976,-1.45545,2000,1.59161,-5.13715,-77.01226,9.62991,-20.02017,0.0
-8.21175,-15.40789,-0.05684,21.50204,-2.62837,1000,-18.08505,-72.04793,-76.04959,9.95133,-20.03026,0.0
2.63111,-15.43251,-0.32334,8.40085,7.56954,2000,1.04049,13.05355,-77.46133,7.6332,-20.06226,1.0
-15.00435,-15.37781,0.07669,11.74106,13.71333,1000,15.50887,80.92004,-77.30154,9.20996,-19.99115,0.0
-9.82137,-15.41162,-0.00044,26.87074,5.74974,1000,4.76457,-4.65481,-78.43102,10.16168,-20.03511,0.0
-30.90027,-15.40898,0.62071,20.70754,-5.27777,1000,10.17624,-27.97057,-78.53623,8.68033,-20.03167,0.0
100,100,100,100,100,1000,100,100,100,100,100,-1.0
100,100,100,100,100,1000,100,100,100,100,100,-1.0
100,100,100,100,100,1000,100,100,100,100,100,-1.0
100,100,100,100,100,1000,100,100,100,100,100,-1.0
100,100,100,100,100,1000,100,100,100,100,100,-1.0
100,100,100,100,100,1000,100,100,100,100,100,-1.0
100,100,100,100,100,1000,100,100,100,100,100,-1.0
100,100,100,100,100,1000,100,100,100,100,100,-1.0
-9.23755,-15.46885,0.11266,15.80744,10.37039,1000,10.0815,-18.92108,-80.47003,8.34867,-20.10951,0.0
-13.2656,-15.37947,0.02873,10.71273,-8.63237,1000,-4.787,17.80684,-77.55101,10.22571,-19.99331,0.0
-8.40844,-15.48075,0.1151,-0.49543,-9.87246,2000,-0.41058,5.66497,-74.24032,5.64409,-20.12497,0.0
-7.14617,-15.38296,-0.14539,22.44276,-0.67757,1000,-8.23601,11.17301,-73.23962,6.6928,-19.99784,0.0
13.47745,-15.43286,-0.64526,7.98896,-0.22688,2000,11.86911,-38.90927,-78.01613,10.00745,-20.06272,1.0
-29.80046,-15.38038,0.52279,-5.45911,0.39269,2000,5.01285,10.55375,-78.21827,8.41893,-19.99449,0.0
-32.37695,-15.42649,0.70458,19.84267,-14.42508,1000,-8.49197,19.12454,-77.24541,6.15282,-20.05443,0.0
4.26057,-15.42548,-0.38784,20.61701,5.2826,2000,-19.0079,37.08749,-78.56683,9.06842,-20.05313,1.0
-2.32262,-15.38219,-0.29066,15.27694,-3.79803,1000,-12.71694,-18.1742,-72.73557,6.14171,-19.99685,0.0
-1.62269,-15.52473,0.01348,-3.35395,-3.71952,2000,-7.20069,33.28341,-74.59675,5.69712,-20.18215,0.0
-3.64939,-15.49051,-0.00424,3.55991,0.57986,1000,4.58168,9.31907,-73.83924,5.27598,-20.13766,0.0
-6.06848,-15.37027,-0.20638,18.56534,0.27553,1000,-3.57446,15.72393,-77.87955,8.69581,-19.98135,0.0
-26.4054,-15.48988,0.67141,-19.41048,-6.09314,2000,-2.75413,-19.78067,-78.48699,6.79258,-20.13684,0.0
-40.16841,-15.39288,0.85978,3.25046,-0.1337,1000,1.16921,-13.06448,-78.50316,7.75601,-20.01074,0.0
-9.71699,-15.43873,0.05826,10.63665,2.20889,1000,3.98298,-16.86427,-75.80114,8.23255,-20.07036,0.0
-4.47578,-15.39775,-0.19111,21.47498,-9.95745,1000,-11.80988,19.03196,-78.11136,8.33836,-20.01708,0.0
1.24471,-15.47718,-0.18025,-7.36248,-0.48427,1000,4.39425,-5.99408,-75.52826,6.09735,-20.12033,1.0
-25.82805,-15.36755,0.37535,4.40222,0.49627,1000,-1.81752,6.96526,-77.68659,7.82709,-19.97781,0.0
-9.78783,-15.36003,-0.11905,19.45563,-1.39846,1000,-0.37134,15.01022,-79.11651,7.00695,-19.96804,0.0
17.64906,-15.476,-0.67104,33.93652,7.09807,2000,2.66464,-7.61924,-76.04218,7.70887,-20.1188,1.0
1.97202,-15.5838,0.04118,23.41964,7.72827,2000,-0.41609,-2.55185,-73.98371,6.41504,-20.25894,1.0
-22.1826,-15.45533,0.467,14.46552,4.17912,1000,19.54252,-40.75652,-79.05659,8.0927,-20.09193,0.0
-22.13166,-15.45752,0.47047,-2.32142,-2.22051,2000,-17.09697,28.34943,-78.34472,8.70446,-20.09477,0.0
-41.73399,-15.33381,0.77171,3.83346,-3.77803,1000,13.43081,-2.20315,-73.83551,7.47134,-19.93396,0.0
1.21504,-15.38074,-0.39923,-3.02384,-6.59661,1000,2.76254,-4.63911,-77.8585,6.18416,-19.99496,1.0
-33.86386,-15.36382,0.60595,5.60165,1.75718,1000,-18.14765,33.68799,-78.9676,7.06339,-19.97296,0.0
-27.59077,-15.42433,0.55724,16.79336,2.47798,1000,-11.06084,-10.55595,-79.09808,9.35181,-20.05162,0.0
-5.21764,-15.36543,-0.24274,12.63674,-0.23698,1000,1.0869,-4.95834,-77.86547,5.98829,-19.97506,0.0
-3.80499,-15.45311,-0.08488,-5.66383,-5.33222,2000,-14.888,-76.5827,-76.58348,9.95137,-20.08904,0.0
-0.24544,-15.58335,0.10612,19.3206,-0.2148,1000,-9.43447,-17.77604,-75.76792,4.84659,-20.25835,0.0
-8.68467,-15.41259,-0.03206,-5.46332,3.80094,2000,12.48107,-12.46733,-81.44408,9.16351,-20.03637,0.0
-26.98032,-15.36231,0.39769,11.34922,-17.94749,1000,4.9484,-33.14611,-79.36205,8.6246,-19.971,0.0
-28.28061,-15.4487,0.63333,16.45378,0.47191,1000,5.05117,-24.21572,-77.55468,6.86237,-20.08331,0.0
9.30132,-15.46633,-0.4447,14.25052,-12.83223,2000,-15.18578,32.73308,-78.84305,6.58752,-20.10623,1.0
-7.10063,-15.45706,0.0222,-8.42356,-5.0251,2000,5.86204,-16.17885,-77.86246,6.92048,-20.09418,0.0
-16.1483,-15.44643,0.26717,22.80047,-3.94518,1000,-2.74601,23.48551,-78.54836,9.04841,-20.08036,0.0
15.91947,-15.4343,-0.71465,7.18411,7.70659,2000,-8.12538,9.13074,-76.49717,6.8956,-20.06459,1.0
-8.0285,-15.41052,-0.0563,-1.25424,-2.8177,2000,-7.89439,30.23063,-75.38578,7.36339,-20.03367,0.0
-32.41363,-15.42376,0.69944,8.58051,2.76417,1000,-16.19055,19.48602,-77.70369,7.38415,-20.05088,0.0
-8.06501,-15.3717,-0.14373,27.14991,-2.88361,1000,-0.13333,3.72548,-78.32991,9.27751,-19.9832,0.0
-29.46208,-15.41773,0.59788,13.40437,-5.96206,1000,-0.21092,30.42299,-77.48429,10.20004,-20.04305,0.0
-7.98627,-15.41255,-0.05293,13.56683,-6.68884,1000,-0.35985,-7.4068,-78.98746,7.30577,-20.03632,0.0
-2.69632,-15.43487,-0.15945,29.56326,5.13228,1000,-7.75459,3.75165,-77.67881,7.66473,-20.06533,0.0
-2.01641,-15.39905,-0.26134,1.36261,-3.50801,1000,7.04778,-20.44792,-79.33876,8.77014,-20.01876,0.0
-33.45683,-15.42152,0.72539,17.87243,2.9958,1000,-14.4282,-46.13729,-75.81414,7.95554,-20.04798,0.0
6.7321,-15.46327,-0.37525,18.74666,-1.46649,2000,5.33177,-20.68812,-78.52699,5.77122,-20.10225,1.0
-37.5128,-15.38014,0.75173,31.85679,-9.56868,1000,6.1422,4.27374,-75.75461,7.27803,-19.99418,0.0
-12.3116,-15.43082,0.11741,10.94767,-4.00813,1000,-10.56881,19.64181,-73.69623,7.38789,-20.06006,0.0
-23.93984,-15.44557,0.49703,6.501,-1.84479,1000,15.54046,48.00548,-77.15236,6.486,-20.07924,0.0
-3.72916,-15.36679,-0.28391,21.57259,1.33294,1000,1.4981,-10.25196,-76.68411,5.51896,-19.97683,0.0
-28.96048,-15.43074,0.61262,-6.74588,-6.67212,2000,-9.4829,21.20515,-72.63552,6.61039,-20.05996,0.0
21.6563,-15.506,-0.72189,7.61509,-0.10751,2000,-9.42829,22.08506,-78.23558,6.26345,-20.15779,1.0
14.20205,-15.38347,-0.77943,27.1697,4.10395,2000,18.71705,-53.87165,-78.05387,6.62697,-19.99851,1.0
6.52796,-15.48953,-0.30929,19.11999,3.61167,2000,6.76035,4.16951,-78.71702,4.88091,-20.13639,1.0
-0.63824,-15.5641,0.07393,14.19436,8.06048,1000,-6.29157,11.18965,-77.09998,9.63404,-20.23333,0.0
-12.74489,-15.43497,0.13977,17.28527,5.4337,1000,-10.00558,8.79673,-77.31951,7.63894,-20.06546,0.0
-12.02523,-15.35371,-0.0669,-3.20838,-7.34221,2000,-4.09263,-21.23573,-75.94886,6.65974,-19.95982,0.0
4.53163,-15.4641,-0.30788,0.72486,-4.52033,2000,1.62654,2.23965,-75.55928,10.29135,-20.10333,1.0
-21.07225,-15.39195,0.28947,6.94412,-2.12345,1000,-2.47444,4.22615,-76.34865,6.35781,-20.00953,0.0
-8.86443,-15.37153,-0.12032,12.96865,5.20803,1000,13.87154,11.39643,-76.19168,8.91542,-19.98299,0.0
-26.50498,-15.37103,0.40343,27.41244,13.74241,1000,15.17726,-14.30735,-75.14638,9.85059,-19.98234,0.0
-29.16866,-15.49743,0.77084,5.56895,1.49676,1000,7.04421,21.21091,-77.09328,7.75829,-20.14666,0.0
-20.48093,-15.47526,0.4618,17.74361,-3.46663,1000,4.96277,-5.35646,-76.49051,6.90423,-20.11784,0.0
-11.36867,-15.50201,0.25165,3.86195,5.55646,1000,9.36371,19.66385,-74.36008,6.26943,-20.15261,0.0
-19.32725,-15.38912,0.2311,8.92698,-8.70653,1000,-3.83781,21.47305,-78.08173,8.25111,-20.00585,0.0
-15.37964,-15.39735,0.1324,-3.24096,-4.81036,2000,11.60325,36.50752,-79.12143,8.66599,-20.01656,0.0
-21.1268,-15.42283,0.3615,16.99645,7.37873,1000,2.30962,-2.04085,-78.74125,8.02426,-20.04968,0.0
-15.85062,-15.43545,0.23328,26.86317,1.95638,1000,-8.3926,3.96762,-79.08295,7.73865,-20.06608,0.0
15.63583,-15.49735,-0.56248,-0.94257,-5.21898,1000,-8.35354,26.81388,-74.83311,6.59796,-20.14655,1.0
-32.0938,-15.43159,0.70777,15.55986,-0.86648,1000,-0.3341,7.4141,-75.97629,9.82287,-20.06106,0.0
1.51693,-15.42199,-0.31418,3.08464,-6.03807,2000,15.3854,-31.1525,-77.5983,8.53773,-20.04858,1.0
-31.92683,-15.38036,0.58603,7.03645,-2.90089,1000,-0.82862,-3.17873,-79.39198,6.48038,-19.99447,0.0
-38.01919,-15.41269,0.841,7.27176,7.35989,1000,3.13235,6.21406,-75.93105,6.77422,-20.03649,0.0
-16.67057,-15.38708,0.1474,10.05843,-0.75289,1000,-20.95644,-1.82431,-74.76279,11.07454,-20.0032,0.0
-10.72876,-15.45925,0.13513,4.3028,7.28285,1000,2.53069,4.2128,-77.99034,7.22045,-20.09702,0.0
-14.74286,-15.3907,0.0983,11.84846,2.41547,1000,-5.78393,19.34919,-80.68218,9.13313,-20.00791,0.0
-6.3891,-15.46758,0.02501,18.11024,-0.57519,1000,-11.59156,-15.88903,-73.61984,5.41846,-20.10786,0.0
-19.67532,-15.38984,0.24311,-5.58027,-10.47827,2000,20.21561,-42.28665,-76.64237,9.50826,-20.0068,0.0
14.31095,-15.48691,-0.54685,4.27131,2.28859,2000,-12.62268,19.24656,-77.35705,9.29481,-20.13298,1.0
-10.09613,-15.42927,0.04796,21.60038,7.16605,1000,6.65961,47.73105,-75.44303,5.68949,-20.05805,0.0
-6.36829,-15.4841,0.06204,21.5208,7.05777,1000,10.60999,14.11306,-76.28715,10.75577,-20.12933,0.0
-34.39282,-15.35072,0.59183,12.48312,-2.85747,1000,-15.37737,-33.49548,-71.54451,5.19106,-19.95594,0.0
-4.18025,-15.52799,0.09701,22.03021,-0.75971,1000,-22.3998,6.26529,-74.80451,5.55709,-20.18639,0.0
-35.95653,-15.36436,0.66944,21.0851,-7.71478,1000,-12.82019,27.56834,-80.72446,8.15255,-19.97366,0.0
-18.26886,-15.36406,0.14248,11.2976,-0.20469,1000,-29.98768,-64.54536,-77.65608,8.89959,-19.97328,0.0
-43.41354,-15.34689,0.85149,10.37562,2.09026,1000,-0.78165,19.86106,-72.39413,8.72057,-19.95095,0.0
-38.43651,-15.33744,0.68187,-0.3849,-1.95874,2000,6.54672,-24.62074,-75.35319,6.82252,-19.93868,0.0
-25.18786,-15.38065,0.38618,12.74095,-3.58952,1000,-2.85906,-11.41341,-79.08543,6.76815,-19.99485,0.0
-28.31143,-15.43564,0.60448,21.25518,4.69634,1000,-8.44203,5.4033,-72.69842,9.85282,-20.06634,0.0
-5.03192,-15.42452,-0.11354,20.16523,-2.68259,1000,-1.05367,6.36902,-74.95084,8.51794,-20.05188,0.0
-13.78622,-15.45058,0.20634,5.93145,-1.80826,1000,10.32142,-26.64483,-78.21082,8.17369,-20.08575,0.0
1.96392,-15.58338,0.04047,2.24896,-1.58488,2000,-22.67281,-4.73801,-76.87634,5.94351,-20.2584,1.0
2.04069,-15.454,-0.25678,-16.61005,1.17439,1000,-17.87819,12.87465,-76.64634,10.38242,-20.0902,1.0
-18.1676,-15.35318,0.11466,23.86495,0.8323,1000,1.76059,-10.75032,-76.38889,7.4992,-19.95913,0.0
-11.83595,-15.47264,0.19861,-8.02913,-4.94693,2000,-0.03411,-6.65988,-78.56092,7.59371,-20.11443,0.0
-28.23032,-15.42404,0.57561,19.22018,2.37904,1000,-13.76647,28.22557,-76.8923,8.05727,-20.05125,0.0
10.49073,-15.42203,-0.5811,5.46946,4.63822,2000,-1.16998,21.0906,-78.97315,10.09977,-20.04863,1.0
-2.28934,-15.45905,-0.11643,13.87427,0.93835,1000,31.66463,31.57082,-78.71709,9.33392,-20.09676,0.0
2.20402,-15.39251,-0.40182,15.04807,1.84666,2000,-0.31045,9.34112,-78.96722,9.0779,-20.01027,1.0
-29.72175,-15.43622,0.64776,6.69834,5.44855,1000,5.09862,3.09091,-78.32475,9.09661,-20.06709,0.0
-5.79988,-15.46798,0.00838,-3.42819,-1.60603,2000,2.85734,-11.97764,-74.3277,5.45703,-20.10837,0.0
1.6043,-15.4664,-0.21553,12.20433,4.77766,2000,-0.11389,-10.50363,-77.7341,8.48593,-20.10632,1.0
-36.30693,-15.37011,0.69299,-4.48768,-4.36279,2000,11.76485,-26.52228,-76.80493,8.94809,-19.98115,0.0
5.81852,-15.39457,-0.50468,15.56653,1.29391,2000,9.7234,-25.83372,-78.49844,5.82936,-20.01294,1.0
-34.75264,-15.38862,0.68892,21.96838,-3.50199,1000,10.89961,24.28882,-77.259,8.61059,-20.0052,0.0
-19.28748,-15.35565,0.15362,15.39914,-5.49179,1000,3.02186,-17.71301,-75.00733,4.54027,-19.96235,0.0
-31.71131,-15.42614,0.68397,10.52668,4.38665,1000,12.59149,-5.27803,-78.07817,7.97658,-20.05398,0.0
-14.27528,-15.48471,0.2987,15.0049,-5.737,1000,-6.71927,19.22144,-78.06295,6.56977,-20.13012,0.0
-3.89611,-15.4259,-0.14419,12.26287,7.42879,1000,3.21909,-13.51556,-74.53314,8.62446,-20.05367,0.0
-20.02341,-15.42433,0.33208,12.14672,2.47869,1000,-13.93583,-15.81906,-76.50565,11.93806,-20.05163,0.0
-10.85561,-15.49504,0.22051,15.39589,13.16736,1000,5.51544,-6.00002,-79.47604,5.41102,-20.14355,0.0
-3.12864,-15.44363,-0.12662,-5.96612,2.16541,2000,-18.04158,7.05979,-75.49744,6.21359,-20.07671,0.0
22.60267,-15.47606,-0.8183,23.5486,1.00825,2000,17.23453,-37.17297,-77.52001,9.18165,-20.11888,1.0
-31.14522,-15.34514,0.48247,5.03318,0.97638,1000,0.48449,-7.33803,-77.89781,6.08526,-19.94868,0.0
-6.12174,-15.51311,0.12085,14.22423,-1.62954,1000,-6.87277,0.06568,-74.90532,6.41549,-20.16705,0.0
-31.61585,-15.4773,0.79776,-5.34357,-2.18755,2000,-3.56411,3.81787,-76.98923,7.15709,-20.12048,0.0
-15.99626,-15.45944,0.2923,17.18723,1.64186,1000,-5.35739,9.63467,-76.93188,8.94245,-20.09727,0.0
-33.54901,-15.38327,0.64092,7.90377,1.5077,1000,-7.95346,-18.03045,-78.39955,9.34572,-19.99825,0.0
-32.96953,-15.37661,0.60849,0.38979,-7.40939,1000,11.13902,-3.11286,-73.99526,12.02292,-19.98959,0.0
-32.86593,-15.39293,0.64262,24.68058,3.40526,1000,-12.33481,1.43585,-71.59883,5.70604,-20.01081,0.0
-27.08357,-15.35347,0.38062,-12.92199,-3.97442,2000,11.22585,-15.39796,-77.92281,8.37375,-19.95952,0.0
-39.79213,-15.37669,0.81168,22.63979,13.17719,1000,-15.25049,8.81007,-78.18368,8.02938,-19.98969,0.0
-0.27619,-15.43865,-0.22284,18.72468,-10.32991,1000,-1.37813,4.23134,-76.8317,7.25874,-20.07024,0.0
-6.95754,-15.50964,0.13781,24.72689,-9.67083,1000,4.28062,25.69574,-77.92399,7.21571,-20.16254,0.0
13.21054,-15.39641,-0.72043,5.03692,2.43387,2000,-26.13088,47.15052,-76.34284,7.24626,-20.01533,1.0
7.82255,-15.45845,-0.41866,10.40281,-5.54917,2000,-3.80685,14.36728,-78.89652,6.1521,-20.09599,1.0
-28.47082,-15.47384,0.69629,16.10015,-2.87746,1000,-11.91921,-4.61253,-74.31223,6.88823,-20.11599,0.0
-17.02369,-15.39617,0.17864,25.72165,5.42958,1000,-7.39275,6.77471,-77.70349,8.50738,-20.01503,0.0
-0.20973,-15.531,-0.01427,14.50853,-1.81193,1000,3.60078,15.27634,-79.76883,9.05657,-20.19031,0.0
15.11803,-15.47031,-0.6087,-9.31169,-6.05698,1000,-12.98821,29.27482,-78.17063,8.49589,-20.11141,1.0
-22.30892,-15.45754,0.4758,1.75526,1.54729,1000,6.47363,-8.88298,-78.93959,9.56219,-20.0948,0.0
-35.71059,-15.41681,0.7817,-3.35373,-3.71141,2000,2.61317,11.08788,-75.8114,6.40932,-20.04185,0.0
-5.98486,-15.49788,0.08204,3.44545,-3.34109,1000,-3.92247,-11.88021,-78.52123,8.92087,-20.14724,0.0
1.12013,-15.44913,-0.24049,15.1596,6.97805,2000,-21.84991,43.27321,-78.71986,7.63959,-20.08387,1.0
1.86362,-15.54078,-0.05367,-3.59517,-0.37254,1000,-15.15149,18.45558,-74.59659,6.49605,-20.20302,1.0
-38.6324,-15.37752,0.77907,-6.87101,-6.06292,2000,2.00132,-26.09009,-73.75079,8.26094,-19.99078,0.0
8.12967,-15.41057,-0.53697,16.54151,-0.30031,2000,-7.52101,5.83451,-79.26012,7.55016,-20.03374,1.0
17.49156,-15.43692,-0.75544,-2.56691,7.53308,1000,3.57336,-4.80487,-77.61083,6.98846,-20.068,1.0
-22.34749,-15.38801,0.31843,1.10649,-0.6734,1000,-10.74705,10.13867,-76.01261,9.30626,-20.00441,0.0
-13.04568,-15.3678,-0.00442,8.4652,0.57722,1000,1.09762,-14.72424,-78.42932,7.59907,-19.97813,0.0
5.52464,-15.46839,-0.32763,17.1235,4.16718,2000,-0.08262,-10.96636,-76.12803,7.95075,-20.10891,1.0
2.32459,-15.48799,-0.18773,17.53633,-1.89569,2000,16.56338,-2.26416,-74.10345,7.31286,-20.13439,1.0
0.79723,-15.47733,-0.1666,7.44296,4.2069,2000,-1.99676,-1.27715,-75.09629,5.82891,-20.12053,1.0
-15.73497,-15.43998,0.24016,15.49751,-2.2079,1000,11.92214,30.07597,-78.16424,8.76497,-20.07197,0.0
-39.00946,-15.39374,0.82727,4.83031,-1.33104,1000,19.05651,33.82154,-76.03025,10.44465,-20.01186,0.0
-15.89954,-15.51889,0.42495,-1.86661,-1.02562,2000,-4.01651,13.55061,-71.73195,8.85417,-20.17455,0.0
-38.03419,-15.3496,0.69761,21.05772,-5.6547,1000,-7.0629,-9.76581,-73.58469,7.67344,-19.95447,0.0
-22.51307,-15.37417,0.2918,5.55982,9.78991,1000,-7.81573,-25.84509,-76.26913,8.4817,-19.98641,0.0
-4.26414,-15.48847,0.00939,12.28523,-0.44226,1000,2.68824,-87.07738,-76.00188,5.66789,-20.13501,0.0
-17.79232,-15.35995,0.11894,19.08346,-1.18287,1000,1.71811,3.93438,-79.30547,7.76425,-19.96794,0.0
-9.92233,-15.52268,0.25575,5.3208,-0.11223,1000,-1.73667,-18.45416,-74.51059,7.53861,-20.17948,0.0
-18.05299,-15.41301,0.24764,19.10754,4.02041,1000,-19.75419,28.74415,-75.15602,9.33053,-20.03691,0.0
-40.91114,-15.3409,0.76339,3.76568,6.0766,1000,5.45343,-11.28532,-75.23912,7.63725,-19.94317,0.0
-20.77382,-15.47814,0.47708,3.18238,-0.3559,1000,9.73911,-12.43852,-77.01256,6.95664,-20.12158,0.0
-13.92012,-15.37608,0.04048,6.8402,6.12385,1000,7.58518,-33.50031,-78.44,9.37088,-19.9889,0.0
-0.80402,-15.39025,-0.31747,20.23352,-8.38859,1000,-13.93182,5.38421,-72.69433,4.35161,-20.00732,0.0
-26.13806,-15.44489,0.5609,8.85929,-4.0226,1000,2.28897,-20.29264,-76.97448,10.52151,-20.07836,0.0
-30.2155,-15.4433,0.67859,7.96544,-3.74405,1000,-7.19017,-9.58822,-76.94605,7.20568,-20.07629,0.0
-30.54762,-15.38904,0.56477,-9.91497,-2.08783,2000,-9.50952,16.41285,-78.38803,7.39126,-20.00575,0.0
6.0251,-15.57345,-0.10302,-6.08375,-3.11695,1000,7.88286,-25.29883,-74.33787,6.43147,-20.24548,1.0
-3.99411,-15.41134,-0.17447,-12.47741,1.91708,2000,-3.80231,-14.18242,-76.91304,8.12242,-20.03475,0.0
-29.50588,-15.40341,0.56654,23.1463,-0.02419,1000,-17.09222,-22.00525,-78.18199,12.14459,-20.02444,0.0
12.61823,-15.47986,-0.51255,14.23452,1.85496,2000,5.81631,-9.97287,-78.40418,7.34021,-20.12382,1.0
12.53443,-15.50298,-0.45735,17.33817,10.33566,2000,10.13951,-17.64915,-77.6777,8.75048,-20.15387,1.0
-31.04234,-15.41555,0.63993,3.6962,-2.16593,1000,5.61915,-13.33214,-76.69058,9.44784,-20.04022,0.0
-17.2582,-15.37005,0.12607,22.79131,0.68592,1000,-14.18017,-14.67766,-76.2246,9.47588,-19.98107,0.0
7.97731,-15.47966,-0.37493,9.25495,-0.48553,2000,6.89355,-32.17181,-78.5385,5.87414,-20.12356,1.0
-40.41904,-15.36605,0.80608,1.35654,1.49528,1000,24.65383,-29.85763,-77.53063,5.35209,-19.97587,0.0
-5.08728,-15.38442,-0.20332,-7.1706,-6.11754,2000,0.96866,29.22163,-73.92513,7.21274,-19.99975,0.0
-44.7149,-15.3378,0.86951,4.10593,2.79671,1000,7.77067,-16.97831,-78.87779,8.72408,-19.93915,0.0
-11.1314,-15.48035,0.19522,23.74463,1.81406,1000,1.91095,10.92174,-76.71045,8.95613,-20.12446,0.0
15.06453,-15.40801,-0.74914,2.56968,-1.75983,2000,-2.22732,3.66711,-79.88174,5.89495,-20.03041,1.0
-9.41349,-15.49233,0.17143,35.53147,-1.03203,1000,-13.96252,-10.9457,-78.36967,9.81877,-20.14003,0.0
-9.02048,-15.48534,0.14378,5.9989,-4.843,1000,6.2682,3.29647,-79.81002,7.34335,-20.13094,0.0
-24.89674,-15.51736,0.68918,2.67784,3.17965,1000,6.91614,1.73277,-73.02147,6.59892,-20.17257,0.0
14.29468,-15.38567,-0.77717,5.06747,3.90589,2000,-0.891,0.3585,-77.84859,8.34084,-20.00137,1.0
-1.40937,-15.46047,-0.13938,1.158,-3.28423,1000,4.67222,-4.94801,-77.01785,8.19574,-20.09861,0.0
-26.31326,-15.40628,0.47809,14.11743,-4.27037,1000,-20.29802,31.18129,-78.33317,9.38824,-20.02817,0.0
-2.42019,-15.52691,0.04216,9.97607,-3.77092,1000,-1.47525,4.71027,-75.67946,7.03807,-20.18498,0.0
-4.07856,-15.44832,-0.08765,4.23813,-3.58828,1000,4.83969,17.24209,-77.70532,7.13728,-20.08282,0.0
-20.90675,-15.52179,0.58056,12.1968,3.43925,1000,-5.72169,-8.09088,-77.73056,8.28782,-20.17833,0.0
4.46487,-15.59077,-0.01711,-4.76817,-3.0283,1000,3.89965,-5.48303,-78.69065,6.11433,-20.268,1.0
-12.14897,-15.35403,-0.06248,12.47194,7.64903,1000,-4.53313,-1.65502,-77.74688,9.54197,-19.96024,0.0
-4.43541,-15.50051,0.04194,23.57989,-3.91885,1000,11.00191,-28.31474,-77.98096,9.8139,-20.15066,0.0
-37.53135,-15.40921,0.81855,-1.15712,5.89556,2000,1.723,7.88205,-79.18875,8.26648,-20.03197,0.0
-18.45022,-15.41763,0.27,16.93826,-4.26403,1000,5.95633,-14.86763,-77.344,8.80475,-20.04292,0.0
-30.48417,-15.48352,0.77828,0.78931,0.28828,1000,-7.02794,-9.86618,-77.94841,7.01233,-20.12858,0.0
-35.47938,-15.35774,0.64017,14.47928,2.08145,1000,-10.80824,13.68076,-78.16999,8.61591,-19.96507,0.0
-14.81771,-15.50066,0.35121,1.39354,2.63327,1000,9.70555,5.11208,-72.45561,7.39115,-20.15086,0.0
-13.80322,-15.36344,0.0082,19.18679,-3.25991,1000,-12.89818,8.79006,-78.11633,10.02113,-19.97248,0.0
-12.4293,-15.37143,-0.01448,8.79152,-4.74884,1000,14.6967,-34.8472,-77.68789,8.91124,-19.98285,0.0
-25.90632,-15.51518,0.71425,-11.21328,1.30354,2000,-6.24601,1.85141,-78.3548,6.51706,-20.16974,0.0
6.84233,-15.59269,-0.08348,-0.20841,-9.54885,1000,-13.78681,40.70228,-74.88485,4.75856,-20.27049,1.0
-2.18818,-15.4462,-0.14873,20.93923,-1.04518,1000,-12.46208,-33.62109,-77.7801,8.4738,-20.08006,0.0
-9.97345,-15.43124,0.04881,12.24081,-3.97772,1000,9.521,12.60977,-75.78233,6.04865,-20.06061,0.0
-9.89707,-15.49144,0.18378,-8.44888,-0.14337,2000,4.70312,10.01183,-78.18385,9.61873,-20.13888,0.0
-16.80411,-15.43395,0.25823,7.34328,1.24698,1000,-3.39689,18.0376,-78.77688,7.00813,-20.06414,0.0
-5.18231,-15.51086,0.08776,11.95027,1.95561,1000,9.60721,-5.72124,-75.01543,3.98501,-20.16412,0.0
-3.42,-15.47027,-0.05722,10.17127,7.3886,1000,0.9172,-4.30308,-78.74291,8.56906,-20.11134,0.0
-18.03207,-15.42522,0.27485,4.94052,3.87806,1000,-0.1868,-27.16205,-77.02064,8.14242,-20.05278,0.0
-39.50849,-15.3583,0.76131,-3.96066,-4.2151,2000,4.69155,-5.61463,-77.77853,7.64412,-19.96578,0.0
15.54164,-15.42424,-0.72635,2.66162,6.06062,2000,19.85008,-27.53625,-78.84905,9.3248,-20.05151,1.0
-41.48137,-15.37771,0.86427,19.60012,-6.57596,1000,-14.66033,1.51054,-74.11233,5.80873,-19.99102,0.0
-32.67394,-15.38788,0.62539,13.83851,11.86582,1000,-7.22225,-9.37861,-78.53102,6.04225,-20.00424,0.0
-13.99599,-15.37665,0.04404,15.93629,-0.90496,1000,-4.14609,19.91329,-79.6242,6.80968,-19.98964,0.0
-15.66779,-15.42122,0.1954,17.36407,-3.9278,1000,-0.50464,-10.5306,-80.39069,7.11639,-20.04759,0.0
-22.90008,-15.41841,0.40418,11.30201,-3.66648,1000,-7.7837,-16.29497,-77.58252,8.14521,-20.04393,0.0
-22.61536,-15.35568,0.25271,7.56401,-8.126,1000,-1.41392,-2.23319,-76.853,10.86458,-19.96239,0.0
-1.81146,-15.43554,-0.18424,24.91775,1.46192,1000,5.44949,-14.06877,-76.05811,8.11312,-20.0662,0.0
-28.52814,-15.43544,0.61045,6.06247,7.20871,1000,-4.49025,-15.28706,-73.36343,9.40888,-20.06607,0.0
-3.57784,-15.486,-0.01664,0.43764,-2.61028,1000,-20.09747,20.80943,-76.81077,7.19006,-20.13181,0.0
-17.74177,-15.39742,0.20284,12.6212,8.25991,1000,4.15886,8.54515,-76.97921,7.92951,-20.01664,0.0
-22.31081,-15.39716,0.33821,2.57695,-6.46403,1000,-11.15729,31.22868,-77.20069,10.95674,-20.01631,0.0
-31.60722,-15.36927,0.55123,12.32569,0.22574,1000,8.54939,-21.71618,-75.64326,7.94826,-19.98005,0.0
-5.44113,-15.46213,-0.01563,-5.57106,-8.53864,2000,10.22838,-5.29302,-73.32676,9.78054,-20.10077,0.0
-0.68705,-15.57519,0.10067,7.19154,-4.14041,1000,17.86697,-43.45018,-76.99835,8.65313,-20.24775,0.0
-6.79004,-15.44389,-0.01708,13.57376,-1.19556,1000,0.50978,-10.02138,-77.39802,10.00073,-20.07706,0.0
-6.62841,-15.45707,0.00816,2.06433,3.8208,1000,-2.60455,12.85679,-79.08368,11.48539,-20.09419,0.0
-1.70015,-15.52685,0.02061,21.64079,-3.33068,1000,3.84234,-21.73267,-72.52346,7.19247,-20.1849,0.0
0.73048,-15.54121,-0.01897,19.45776,1.77841,2000,3.9362,-2.50778,-75.12093,6.43593,-20.20358,1.0
2.5263,-15.52395,-0.11176,13.85755,-2.34903,2000,-5.31848,12.19616,-72.23068,9.15911,-20.18114,1.0
1.05314,-15.49438,-0.13534,4.17512,-1.52377,2000,-2.92373,-3.94415,-78.22096,7.01548,-20.14269,1.0
-27.94196,-15.44366,0.61175,11.25498,-5.80739,1000,0.5017,1.34509,-76.42519,6.08009,-20.07675,0.0
-1.95758,-15.46007,-0.12397,-2.68843,-3.16025,2000,32.28582,-4.2941,-76.09295,6.79624,-20.09809,0.0
-1.36745,-15.47874,-0.09897,25.12381,-2.745,1000,3.31444,4.68468,-75.59451,5.42484,-20.12236,0.0
-35.10706,-15.42355,0.7791,23.33757,6.64314,1000,8.00091,-20.20566,-76.66945,9.3877,-20.05061,0.0
4.59357,-15.51574,-0.19198,13.01406,-0.96865,2000,-4.44999,-23.38118,-74.10168,11.83951,-20.17046,1.0
-9.66988,-15.39839,-0.03512,14.64526,-6.90921,1000,6.92382,11.30079,-75.08789,7.79018,-20.01791,0.0
-21.44853,-15.3631,0.2349,19.85294,4.87271,1000,-10.03441,18.65542,-77.59267,7.74498,-19.97203,0.0
-45.02309,-15.32658,0.85309,6.90247,-8.94188,1000,-25.2781,-30.94766,-78.86347,7.56889,-19.92456,0.0
-7.63137,-15.48785,0.10819,28.60607,6.29772,1000,1.26174,-13.32805,-78.1862,5.08152,-20.13421,0.0
-23.56328,-15.44608,0.48699,6.99295,-0.47848,1000,15.26935,-21.8088,-77.17103,7.48351,-20.0799,0.0
-37.69392,-15.36511,0.72285,16.92898,6.02799,1000,-7.62391,2.42128,-75.27922,8.95377,-19.97464,0.0
-18.3739,-15.43444,0.30605,30.29771,2.07251,1000,10.54393,-17.37992,-77.5925,8.90708,-20.06477,0.0
7.15081,-15.58765,-0.10413,0.71501,3.14391,2000,20.17336,-6.97913,-76.60962,7.03651,-20.26395,1.0
-15.51039,-15.38011,0.09698,4.82792,6.05143,1000,-9.21235,27.83773,-77.88457,8.73657,-19.99414,0.0
-7.1517,-15.42276,-0.05447,12.78709,0.75789,1000,-6.01314,-29.05118,-78.26922,6.94951,-20.04959,0.0
20.76022,-15.45466,-0.81227,-15.19909,-0.03942,1000,-6.15736,10.72137,-79.42675,9.2918,-20.09106,1.0
-31.30791,-15.48293,0.80144,10.74156,0.16662,1000,9.2426,-5.84306,-71.55097,5.7448,-20.12781,0.0
21.59562,-15.49439,-0.74655,8.79546,-3.01136,2000,1.75122,4.03312,-77.95781,7.81005,-20.14271,1.0
4.6259,-15.45152,-0.33935,9.26209,2.05444,2000,7.11043,-19.02607,-77.56275,7.37898,-20.08698,1.0
-17.70512,-15.38137,0.16516,2.9734,5.33098,1000,0.5766,4.79133,-72.44625,6.94381,-19.99578,0.0
-25.69401,-15.40335,0.45299,13.85318,2.48787,1000,-11.90827,1.41096,-77.39362,7.09185,-20.02436,0.0
1.55036,-15.58417,0.05456,13.04295,-1.2055,2000,14.33393,-36.21566,-74.05367,6.89492,-20.25942,1.0
-24.92458,-15.37004,0.35415,-19.4316,5.25321,2000,-10.01857,6.04452,-79.43581,8.93037,-19.98105,0.0
-13.56274,-15.35599,-0.01594,33.82674,4.23214,1000,8.02988,-16.59026,-73.09977,6.79129,-19.96279,0.0
-35.71295,-15.42082,0.79092,0.26748,-1.54505,1000,-2.20044,51.77893,-74.3776,8.58092,-20.04707,0.0
7.06475,-15.47213,-0.36495,-7.82736,-3.66634,1000,-2.99726,5.92432,-79.97429,7.55165,-20.11376,1.0
7.85213,-15.54053,-0.23243,10.91,-1.72602,2000,2.408,-11.26548,-78.28978,6.63275,-20.20269,1.0
-20.08801,-15.44774,0.38739,2.47703,1.33147,1000,-11.53164,7.07255,-78.26782,7.7809,-20.08207,0.0
-31.03841,-15.38629,0.5731,9.88638,-3.24424,1000,10.95036,-14.53732,-77.52977,10.08963,-20.00217,0.0
-30.22291,-15.39294,0.56401,5.77353,-1.47325,1000,26.05927,18.57961,-75.56545,8.63006,-20.01083,0.0
-36.15446,-15.37717,0.70454,7.82617,-10.00597,1000,-12.62083,9.31886,-78.42571,5.63202,-19.99032,0.0
-40.11393,-15.37473,0.81678,25.60057,4.24393,1000,6.1735,33.06263,-72.59844,5.48578,-19.98715,0.0
4.41628,-15.61023,0.0287,25.87159,-2.81883,2000,2.00267,-42.95572,-73.80237,6.01868,-20.2933,1.0
-23.509,-15.37472,0.32271,-14.80438,-0.28036,2000,-20.64739,2.55319,-76.98483,10.54633,-19.98714,0.0
-12.06865,-15.37603,-0.01471,8.14338,-6.57453,1000,0.47881,14.15171,-72.73821,9.38727,-19.98884,0.0
19.22324,-15.48849,-0.68941,7.98432,1.74243,2000,-10.10936,20.49668,-76.67023,6.56365,-20.13503,1.0
-33.74186,-15.37302,0.62329,0.49071,-4.60516,1000,-4.97306,-25.68181,-77.86026,7.25459,-19.98493,0.0
-5.87844,-15.45776,-0.01258,17.31159,-2.37052,1000,-9.53698,21.03905,-76.10827,7.86482,-20.09509,0.0
-6.11746,-15.44315,-0.03878,1.65784,0.49405,1000,0.53636,-9.33073,-71.16514,8.57426,-20.07609,0.0
-2.60756,-15.49661,-0.02134,18.73026,6.17076,1000,-1.40051,-5.35439,-78.04575,8.79635,-20.14559,0.0
9.92643,-15.49931,-0.38811,11.4112,9.08628,2000,-15.38558,37.68288,-77.27472,7.43608,-20.14911,1.0
-11.10299,-15.37479,-0.04629,9.47972,-2.90244,1000,7.11943,-15.66218,-78.38866,8.36585,-19.98722,0.0
-26.90711,-15.41199,0.50878,9.02369,9.02818,1000,-10.84546,29.27116,-80.07283,8.96122,-20.03559,0.0
-23.15538,-15.45064,0.48526,29.64535,9.21807,1000,-4.04154,10.98722,-77.36513,8.69986,-20.08584,0.0
-19.28957,-15.4157,0.29058,6.73422,-5.29264,1000,6.98144,-12.39585,-78.37978,7.66931,-20.04041,0.0
-1.27872,-15.41619,-0.2442,17.89959,-6.75281,1000,16.97914,-35.36942,-77.91904,8.75503,-20.04105,0.0
-16.17683,-15.40751,0.17927,-2.23662,1.87428,2000,-5.27231,-6.50158,-75.74135,8.4984,-20.02976,0.0
15.7581,-15.50533,-0.5479,-0.10731,4.92758,1000,2.12756,4.39387,-76.19813,7.08379,-20.15693,1.0
-35.7992,-15.4308,0.81623,8.35416,-11.3872,1000,-7.72458,12.27916,-79.83675,9.26307,-20.06004,0.0
1.86495,-15.59745,0.07549,18.72124,-4.91597,2000,16.17717,-26.82454,-74.02738,6.53643,-20.27669,1.0
-0.87633,-15.37758,-0.34421,-8.17983,-3.84909,2000,1.06788,-14.80932,-78.34027,11.09507,-19.99085,0.0
-24.45359,-15.40775,0.4261,17.01198,-1.21492,1000,8.42909,2.29499,-71.5589,3.4694,-20.03008,0.0
-0.98498,-15.57371,0.10616,14.88282,-6.90862,1000,-19.51641,47.20821,-73.8865,6.46002,-20.24582,0.0
1.78553,-15.5759,0.02872,21.3391,7.34528,2000,4.65578,-13.86701,-74.8725,6.39755,-20.24867,1.0
-10.04341,-15.36478,-0.10061,14.47058,1.5627,1000,4.96706,-16.73657,-77.8558,8.52667,-19.97422,0.0
-36.38899,-15.43682,0.8475,22.13809,7.92368,1000,-8.5267,10.45386,-72.69594,7.95412,-20.06786,0.0
-9.01592,-15.3671,-0.12591,7.68481,-0.99803,1000,15.29923,1.41761,-74.76953,7.76919,-19.97723,0.0
5.79102,-15.39165,-0.51052,-0.96609,0.41185,1000,4.24803,-6.6552,-79.45525,9.01513,-20.00914,1.0
-40.95369,-15.37048,0.83208,-1.29758,-3.6347,2000,2.02467,13.72639,-73.9925,10.40666,-19.98162,0.0
-25.84727,-15.48789,0.65027,1.63881,2.89456,1000,12.87941,-9.33823,-77.20185,8.13279,-20.13426,0.0
-26.19771,-15.36345,0.37701,0.17913,0.58308,1000,-16.24677,-3.47956,-76.62846,8.50666,-19.97249,0.0
3.17553,-15.39763,-0.41907,18.1675,4.17575,2000,-10.92016,19.73674,-78.70932,7.8414,-20.01691,1.0
-21.24109,-15.36194,0.22608,-1.79676,-5.54352,2000,6.23206,-4.91337,-77.88494,7.10131,-19.97052,0.0
-27.01678,-15.41981,0.52987,16.26185,1.4045,1000,-20.46142,-15.62002,-77.99014,8.3918,-20.04576,0.0
-28.97926,-15.4502,0.65754,-22.50971,-2.4463,2000,-4.49793,1.91427,-71.89422,7.51881,-20.08526,0.0
7.51315,-15.53928,-0.2252,3.51806,2.48566,2000,1.329,-15.89503,-74.77659,8.07646,-20.20106,1.0
20.43607,-15.51535,-0.66427,1.62539,4.82126,2000,-4.51285,15.75434,-78.82594,7.54979,-20.16995,1.0
-20.77556,-15.42202,0.34919,12.08359,-0.79389,1000,-9.87394,13.19764,-75.05063,6.80581,-20.04862,0.0
-31.18947,-15.43822,0.69599,0.24039,-6.32421,1000,0.133,3.94752,-72.43761,3.68718,-20.06968,0.0
-26.19662,-15.40444,0.47042,15.44591,-7.07023,1000,4.2474,17.63358,-76.56945,7.22459,-20.02577,0.0
-26.25776,-15.3886,0.43614,16.1692,5.91578,1000,3.87519,35.47982,-76.32037,8.39684,-20.00519,0.0
-20.99717,-15.45177,0.4236,1.37911,0.64319,1000,4.8076,-12.81829,-77.68063,8.04098,-20.0873,0.0
-20.02831,-15.47984,0.45877,17.91555,-6.57706,1000,-5.967,1.57665,-77.88356,7.83765,-20.12379,0.0
-6.07272,-15.4779,0.03911,9.79189,-6.16236,1000,18.5795,-50.41446,-79.08027,8.24268,-20.12127,0.0
15.17929,-15.43981,-0.68006,7.22682,-3.70873,2000,14.17887,-23.78183,-77.98708,7.85647,-20.07176,1.0
-8.63064,-15.36709,-0.13739,16.03805,2.2301,1000,-1.32564,-10.44769,-74.59794,6.60418,-19.97722,0.0
-29.87353,-15.40906,0.59036,-3.92861,-0.36875,2000,-7.53689,12.81588,-78.46509,7.97171,-20.03178,0.0
-10.53871,-15.36066,-0.09527,9.70464,-1.26409,1000,-31.87698,28.53728,-74.92422,9.75323,-19.96886,0.0
3.41951,-15.46413,-0.27471,16.68721,0.54413,2000,-10.96267,19.80377,-78.10529,7.8173,-20.10337,1.0
-0.01155,-15.36864,-0.39031,5.6687,5.30373,1000,4.24027,3.41133,-79.27175,7.16648,-19.97923,0.0
-31.52336,-15.37397,0.55946,6.17467,-4.95516,1000,19.90806,-0.80269,-73.82074,3.70514,-19.98617,0.0
-24.22149,-15.40158,0.40512,2.03774,-6.02045,1000,-15.37157,5.97407,-77.43168,7.8967,-20.02205,0.0
-29.50663,-15.42239,0.60983,18.01288,-2.01275,1000,-3.70795,7.05826,-77.28699,7.87046,-20.0491,0.0
-2.32947,-15.50222,-0.01681,1.66787,-0.69299,1000,0.32444,4.77141,-81.10489,7.08695,-20.15289,0.0
-19.03135,-15.38145,0.20481,7.09816,-5.75734,1000,-1.27908,1.04021,-77.91303,7.83152,-19.99588,0.0
-27.4447,-15.3702,0.4295,1.77417,1.78407,1000,5.1904,-13.46828,-78.76781,9.21533,-19.98126,0.0
9.32499,-15.4685,-0.44046,13.6143,-10.85762,2000,-4.30611,23.64335,-79.32414,7.90519,-20.10905,1.0
-11.39209,-15.41227,0.04778,15.4752,-4.75097,1000,9.00728,0.57109,-74.05029,8.7397,-20.03596,0.0
-31.09254,-15.42302,0.65845,36.00355,2.62971,1000,-1.06231,-13.74945,-75.39501,10.25374,-20.04992,0.0
-29.38877,-15.34494,0.42975,4.62761,4.38002,1000,24.3661,-4.33016,-76.35019,9.00434,-19.94842,0.0
-40.64955,-15.38004,0.84484,12.9998,4.0372,1000,-17.75607,-33.08563,-75.7354,5.14325,-19.99406,0.0
-37.9532,-15.37475,0.75253,-9.66068,-1.49111,2000,2.91726,8.09153,-72.37094,6.65237,-19.98717,0.0
-31.72425,-15.3803,0.57986,1.87768,4.79691,1000,7.9721,-28.00854,-78.11712,6.50678,-19.99439,0.0
-14.05457,-15.38989,0.07598,7.30482,4.01484,1000,0.53376,-2.31774,-77.21835,7.26004,-20.00686,0.0
-27.66663,-15.45496,0.62933,17.24661,-4.40179,1000,4.92731,-0.76361,-77.49655,8.16506,-20.09145,0.0
-15.70899,-15.45384,0.271,2.48213,-1.94785,1000,-7.43256,13.5836,-76.64343,8.40722,-20.09,0.0
-23.3255,-15.3804,0.33018,1.28472,0.63089,1000,-0.76209,5.02293,-76.73909,6.49521,-19.99452,0.0
-1.56809,-15.49893,-0.04698,-3.38402,0.81977,2000,-6.1969,27.26313,-78.62855,8.47097,-20.1486,0.0
8.5847,-15.59646,-0.12673,11.24477,2.0609,2000,4.32034,8.85971,-73.64224,4.33899,-20.27539,1.0
-0.65534,-15.42318,-0.24683,12.37846,1.21787,1000,-10.63417,-56.94604,-76.43487,8.16999,-20.05013,0.0
-18.42297,-15.4863,0.42574,-5.49555,-1.66246,2000,-7.52774,5.0832,-77.19986,9.38208,-20.13219,0.0
-27.7301,-15.44232,0.60241,-0.19778,-6.13643,2000,2.14056,0.11336,-77.72308,8.80458,-20.07502,0.0
-18.21782,-15.50407,0.46015,16.24218,5.4523,1000,5.09137,26.92139,-77.57633,7.89665,-20.15529,0.0
-30.56614,-15.39677,0.58294,3.77474,-8.09188,1000,7.61412,-4.84214,-76.06864,9.13124,-20.0158,0.0
4.31162,-15.60141,0.01171,2.28845,1.54933,2000,-9.30806,31.85,-73.80207,7.14064,-20.28183,1.0
4.67836,-15.50095,-0.22822,17.41003,-2.26619,2000,-0.10381,7.82554,-73.94966,8.18058,-20.15124,1.0
-20.93688,-15.42144,0.35269,32.80193,3.49521,1000,2.96344,-34.29638,-76.79944,8.48008,-20.04788,0.0
-29.69844,-15.46667,0.71648,16.01355,3.13366,1000,-2.71878,14.03173,-78.64995,10.6082,-20.10667,0.0
-30.5733,-15.4334,0.66667,30.1534,4.08454,1000,-16.05782,-1.2693,-76.17961,11.09762,-20.06342,0.0
-28.50928,-15.42533,0.58686,17.42767,1.03966,1000,3.3226,-11.12269,-77.47827,8.65734,-20.05293,0.0
-38.50993,-15.416,0.86315,15.17487,0.23844,1000,-10.92034,1.25272,-74.82401,6.28854,-20.0408,0.0
-15.7476,-15.39961,0.1485,13.38999,0.78945,1000,-5.72702,7.53094,-78.05976,7.91065,-20.01949,0.0
-9.56752,-15.41663,0.00343,0.90922,6.08434,1000,2.11894,-0.97255,-78.18079,8.14557,-20.04162,0.0
-7.26811,-15.49635,0.11675,8.18799,-0.2564,1000,6.17586,-0.29103,-72.85802,5.68631,-20.14526,0.0
1.04826,-15.40939,-0.32895,-2.34662,-8.93624,1000,-9.67671,8.19695,-76.18337,6.01114,-20.03221,1.0
-1.18778,-15.55509,0.06975,35.98311,3.2616,1000,18.32678,59.73453,-76.13387,9.12125,-20.22162,0.0
-0.46659,-15.45085,-0.18936,31.11144,1.43456,1000,-0.12729,-4.44136,-75.74558,11.50554,-20.0861,0.0
-36.78054,-15.378,0.72506,11.32987,-3.14795,1000,13.1971,-17.76823,-75.17777,9.18785,-19.9914,0.0
-9.14631,-15.47288,0.11912,25.25533,4.73879,1000,-0.83458,31.73217,-75.90958,7.2678,-20.11474,0.0
-30.34242,-15.4207,0.63083,4.02243,5.56507,1000,2.40254,7.00644,-77.34006,7.52463,-20.0469,0.0
-21.70774,-15.45191,0.44507,6.90033,-0.34082,1000,-10.47925,-16.92359,-77.46368,8.448,-20.08748,0.0
-38.19159,-15.37343,0.75664,-0.125,4.13676,2000,-4.40525,-1.75835,-77.82825,10.28331,-19.98546,0.0
-30.86659,-15.37455,0.54123,-5.08485,-0.84046,2000,-4.80736,20.16534,-75.77276,8.0772,-19.98691,0.0
-16.77672,-15.35316,0.07324,16.00486,5.76621,1000,-0.6318,-9.7076,-78.60389,7.4133,-19.95911,0.0
-30.5728,-15.41121,0.61607,-6.38805,-2.77638,2000,-32.74619,-3.98977,-73.71152,3.88862,-20.03457,0.0
-3.31485,-15.48179,-0.03407,11.06392,5.05223,1000,24.74343,-9.10405,-75.72418,6.27892,-20.12633,0.0
-21.60114,-15.41683,0.36192,4.86373,-1.7781,1000,-6.30774,1.74038,-78.53296,7.62748,-20.04187,0.0
-3.1942,-15.42386,-0.16974,-4.466,-1.35125,2000,11.86452,-27.51856,-76.52002,8.16743,-20.05101,0.0
-19.15657,-15.3973,0.24468,6.07262,-0.15778,1000,-5.20308,24.29916,-77.5811,8.62358,-20.0165,0.0
-42.84984,-15.34147,0.82238,20.47172,0.30877,1000,-4.80402,-34.1021,-72.7456,8.5769,-19.94392,0.0
-20.6512,-15.37324,0.2343,7.90317,-0.23366,1000,25.00843,50.28936,-77.3331,9.75878,-19.98522,0.0
-8.62036,-15.44306,0.03549,4.18218,2.55362,1000,12.86011,-7.13392,-76.6653,7.19113,-20.07597,0.0
5.13867,-15.4626,-0.32936,10.77601,0.83995,2000,-17.7412,35.12373,-77.01161,8.43996,-20.10138,1.0
1.0083,-15.38861,-0.37515,9.87938,1.31904,2000,-2.29921,10.00582,-77.57135,6.96064,-20.00519,1.0
-0.78436,-15.42885,-0.23007,-4.14123,-1.75314,2000,-18.16554,15.0786,-73.61862,7.30293,-20.0575,0.0
-8.90724,-15.38666,-0.08455,15.46602,10.65577,1000,-0.70485,19.04631,-76.69486,9.34297,-20.00266,0.0
-15.25372,-15.50253,0.36844,34.02521,-1.26558,1000,-2.7465,3.61052,-73.72729,7.72726,-20.15328,0.0
-36.62125,-15.36699,0.69523,1.2326,-6.22679,1000,7.91357,-10.95525,-75.96031,8.59285,-19.97709,0.0
-25.35202,-15.43498,0.51491,10.45114,-0.26589,1000,19.13422,9.90343,-76.68115,9.76211,-20.06547,0.0
-33.50668,-15.39099,0.65725,-2.5551,0.70113,2000,-13.21296,24.21007,-78.39345,8.28429,-20.00828,0.0
-36.31921,-15.38589,0.72933,15.10485,3.34259,1000,-21.91657,-48.23735,-74.76552,8.57676,-20.00166,0.0
-34.86325,-15.44091,0.81143,-7.34081,5.16626,2000,-2.50459,-2.24101,-78.47885,6.3598,-20.07318,0.0
9.32606,-15.40424,-0.587,18.37169,6.09739,2000,1.01785,-2.8854,-82.60534,10.3488,-20.02551,1.0
-5.74429,-15.39066,-0.16955,10.03424,4.44675,1000,23.04844,-15.67003,-76.43561,9.6263,-20.00785,0.0
-30.50301,-15.39308,0.57266,10.80389,2.89864,1000,4.25521,-1.52764,-80.94569,9.44044,-20.01101,0.0
-19.42921,-15.38693,0.22915,5.10457,-5.20559,1000,10.02625,24.16674,-73.28125,4.79714,-20.00301,0.0
-28.33579,-15.41661,0.56182,25.89704,-6.00642,1000,-3.50869,-11.13886,-78.14647,7.28585,-20.0416,0.0
-33.65545,-15.44256,0.77925,7.59669,-2.94804,1000,-10.68267,15.91669,-76.74283,5.48864,-20.07532,0.0
-41.50005,-15.3453,0.79094,0.91306,2.81669,1000,3.93034,8.82174,-76.9526,9.09181,-19.94889,0.0
-29.23717,-15.38876,0.52515,-11.74036,4.23114,2000,10.6624,6.00003,-73.06356,7.87649,-20.00539,0.0
-36.20193,-15.36876,0.68678,-12.44301,-0.07639,2000,-5.46734,-0.44131,-76.64691,9.44367,-19.97939,0.0
-5.04846,-15.44047,-0.0767,-1.34823,3.59436,2000,-8.00654,20.93471,-75.05982,6.85673,-20.07261,0.0
-42.88702,-15.35353,0.85098,8.00491,-0.75577,1000,-4.51443,-8.76066,-77.25708,7.91893,-19.95959,0.0
-31.3006,-15.49033,0.81809,4.07702,3.362,1000,-9.34832,8.74571,-77.55602,6.65327,-20.13742,0.0
-3.32738,-15.41792,-0.17932,7.43499,0.03108,1000,7.28777,3.632,-75.61303,9.1787,-20.04329,0.0
-2.55527,-15.42381,-0.18885,0.52345,6.72345,1000,-5.06474,13.69202,-71.93465,7.98328,-20.05096,0.0
-18.88454,-15.39463,0.23048,2.34814,-1.32738,1000,7.82074,-12.21277,-79.33506,6.61841,-20.01302,0.0
-30.84736,-15.50938,0.84803,8.33597,-1.73377,1000,4.47952,8.32443,-78.89756,7.8691,-20.16219,0.0
8.43184,-15.42053,-0.52324,9.59184,-1.84932,2000,5.00779,-8.12322,-77.11212,7.67102,-20.0467,1.0
-26.60774,-15.46446,0.61948,2.37763,1.39633,1000,6.86796,-17.30193,-78.01116,9.78594,-20.1038,0.0
-9.63336,-15.49562,0.18546,22.29686,2.37249,1000,7.75594,-17.8639,-80.96219,8.4904,-20.14431,0.0
-35.74366,-15.34761,0.62494,19.13461,1.40797,1000,-5.6532,2.9327,-79.22543,9.02164,-19.9519,0.0
-16.11703,-15.35444,0.05653,22.18161,1.66775,1000,2.04531,8.83027,-78.62462,6.66872,-19.96078,0.0
-6.81527,-15.37968,-0.16271,10.2558,7.92432,1000,23.95793,36.19214,-77.23261,9.31031,-19.99358,0.0
-9.61404,-15.51458,0.22812,8.95475,7.01969,1000,-5.03851,-7.92534,-78.60981,8.28916,-20.16896,0.0
-25.90306,-15.35579,0.35076,-4.95527,-11.31577,2000,-7.49475,1.84316,-74.03856,7.98133,-19.96252,0.0
-26.17792,-15.47828,0.63821,4.62241,-1.79636,1000,0.81409,13.81003,-79.48277,6.60648,-20.12177,0.0
-22.03364,-15.43658,0.41982,9.27786,-2.09921,1000,-4.64023,-3.26603,-80.14107,7.35886,-20.06755,0.0
-6.68466,-15.5282,0.172,30.13057,-2.80619,1000,-7.96149,-7.88337,-73.80232,8.40363,-20.18666,0.0
-3.89264,-15.44407,-0.10287,5.26898,2.45355,1000,7.09473,-7.69696,-78.88811,6.88016,-20.07729,0.0
3.73947,-15.53593,-0.12055,4.80769,-6.91219,2000,-3.10147,-75.75633,-74.82724,4.77774,-20.19671,1.0
-10.23207,-15.36925,-0.08483,20.86384,-1.33945,1000,-5.302,8.8382,-76.92564,6.59311,-19.98002,0.0
-0.51345,-15.55462,0.0486,1.50057,1.91984,1000,-19.99033,-2.40889,-75.97077,6.80441,-20.221,0.0
-19.82007,-15.3874,0.24183,3.45846,1.9094,1000,-3.70897,11.34422,-74.54167,8.72615,-20.00362,0.0
-14.94262,-15.41336,0.15589,1.91256,-4.54307,1000,21.64459,21.82274,-78.31274,9.02614,-20.03736,0.0
-29.70174,-15.3555,0.46315,22.81181,-0.25317,1000,6.3574,10.05306,-72.90185,7.2151,-19.96215,0.0
-18.63777,-15.47859,0.41455,-1.86709,1.56666,2000,4.00673,-5.54403,-77.69566,7.00707,-20.12216,0.0
-33.00059,-15.46571,0.81256,12.76635,-1.19109,1000,1.3269,19.83311,-73.84834,9.37039,-20.10543,0.0
-8.70293,-15.35997,-0.15147,28.84851,1.31683,1000,23.09564,-44.31261,-77.40734,5.04282,-19.96796,0.0
-33.64915,-15.43504,0.76193,7.1837,-3.53032,1000,-1.48008,-13.25475,-74.60377,7.62104,-20.06555,0.0
7.82989,-15.59088,-0.11698,11.20652,-10.25005,2000,-2.5282,30.64754,-74.27683,5.01373,-20.26814,1.0
-2.15582,-15.37055,-0.32216,14.59615,2.65087,1000,-11.20972,14.47086,-79.67621,8.51874,-19.98172,0.0
-39.93173,-15.37427,0.81033,3.17958,10.04519,1000,2.76862,-5.14646,-78.42637,6.51749,-19.98656,0.0
-40.20312,-15.33344,0.72532,3.72914,-0.81898,1000,2.16729,2.33238,-76.16696,7.42246,-19.93348,0.0
-13.14472,-15.37856,0.02307,11.7749,-5.38053,1000,-14.04865,-48.05445,-76.0693,7.15845,-19.99213,0.0
-22.70848,-15.45266,0.47657,14.79613,3.74807,1000,7.58515,-10.19867,-78.28648,9.01504,-20.08846,0.0
-9.38724,-15.46029,0.09759,21.93805,5.94256,1000,-3.52666,12.84087,-78.05565,8.94455,-20.09837,0.0
-23.81671,-15.43536,0.47009,22.864,-4.57759,1000,0.90814,4.54106,-77.44861,7.42794,-20.06596,0.0
1.92434,-15.45119,-0.25972,17.71186,6.6005,2000,2.78018,62.74113,-78.41374,10.62625,-20.08655,1.0
-1.40417,-15.52943,0.01767,6.70749,1.86799,1000,-7.68636,14.9181,-76.16794,4.68906,-20.18825,0.0
-25.70819,-15.40422,0.45539,13.55893,-4.54603,1000,4.93554,-9.53959,-77.51931,6.63105,-20.02549,0.0
-22.98982,-15.41578,0.40087,-5.72844,6.04069,2000,-6.33616,-12.70465,-79.13263,8.0686,-20.04052,0.0
8.12367,-15.60106,-0.10252,4.15883,-4.13396,2000,5.70899,1.3519,-72.95231,5.56727,-20.28137,1.0
-4.82719,-15.49028,0.03029,8.14864,0.7074,1000,0.30282,26.39263,-74.95313,8.3388,-20.13737,0.0
-39.75485,-15.40255,0.86953,7.83624,-0.76396,1000,-0.07952,6.71502,-79.426,9.22908,-20.02331,0.0
4.65816,-15.56057,-0.0917,8.56317,-13.73448,2000,8.53346,-12.77707,-75.33558,7.2159,-20.22874,1.0
-39.57121,-15.34915,0.74233,25.25294,-2.59484,1000,-4.95547,7.5968,-79.72237,7.3815,-19.9539,0.0
-4.40834,-15.53406,0.11762,7.57126,2.72965,1000,1.25691,-10.25902,-74.28529,7.50128,-20.19428,0.0
-17.22296,-15.35189,0.08361,13.1345,-0.66942,1000,19.75825,7.18707,-77.80414,8.65544,-19.95746,0.0
-11.39147,-15.42765,0.08282,12.97729,-1.61597,1000,7.62615,-6.90266,-77.59352,8.94198,-20.05595,0.0
-23.77305,-15.44102,0.48171,11.53279,6.97365,1000,3.91883,-24.52504,-73.9608,9.01251,-20.07333,0.0
-7.29751,-15.47847,0.07686,13.86092,-9.23196,1000,4.53171,31.90886,-75.37468,9.45395,-20.12201,0.0
13.40878,-15.40498,-0.70679,9.28239,-0.85336,2000,-6.44341,13.73561,-77.33685,8.21943,-20.02647,1.0
-37.97205,-15.34236,0.67926,-8.93175,-1.31003,2000,14.0741,8.35405,-72.93384,4.80025,-19.94507,0.0
-22.58063,-15.40896,0.37314,10.5645,-12.59067,1000,-7.36347,10.475,-79.25583,7.89682,-20.03165,0.0
-13.91573,-15.37329,0.034,1.4004,1.80112,1000,-9.73829,5.6517,-78.55637,8.99163,-19.98528,0.0
11.69994,-15.47904,-0.48709,-5.3962,-12.40659,1000,10.45759,-22.02445,-79.21141,9.0346,-20.12276,1.0
-23.44844,-15.36183,0.29151,13.20811,5.59969,1000,7.5959,12.34003,-73.82173,10.65888,-19.97038,0.0
-35.28933,-15.42005,0.77655,9.04173,-6.56528,1000,-2.93076,16.38591,-77.10462,9.89445,-20.04606,0.0
-19.1124,-15.48357,0.44002,26.89866,-5.38321,1000,7.13618,-15.6604,-77.95584,8.1704,-20.12864,0.0
-18.62062,-15.35771,0.13847,22.7337,1.06493,1000,-8.88269,-39.98796,-77.24274,10.8095,-19.96503,0.0
-37.10852,-15.38335,0.74702,8.24043,7.05736,1000,8.00078,24.22981,-73.73956,7.71761,-19.99836,0.0
-37.78737,-15.41383,0.83671,-7.51262,-1.61915,2000,17.9021,-15.30491,-75.81742,7.44978,-20.03798,0.0
-15.78546,-15.3661,0.07323,1.78595,-0.95095,1000,1.81523,22.59695,-76.29616,7.16915,-19.97593,0.0
-2.05495,-15.44772,-0.14923,-1.53962,-2.81683,2000,6.10429,-7.05423,-74.26967,6.46718,-20.08204,0.0
-34.95557,-15.44778,0.82985,-7.37258,-1.24459,2000,-6.15463,12.02819,-78.64261,7.85409,-20.08212,0.0
-13.43997,-15.44248,0.17758,28.56231,4.05485,1000,-2.04917,3.64082,-78.78604,10.53454,-20.07523,0.0
-3.32676,-15.37591,-0.2751,7.32524,1.62298,1000,-0.82075,-4.36494,-79.02519,8.02652,-19.98868,0.0
-26.23667,-15.35238,0.35293,31.60105,3.70671,1000,2.90487,-12.61579,-79.7277,7.98269,-19.95809,0.0
24.87791,-15.50894,-0.81103,-5.43651,0.28292,1000,1.20969,-6.4206,-78.88482,7.94535,-20.16163,1.0
-8.37807,-15.3853,-0.1034,24.69717,4.90404,1000,5.23867,-11.25503,-78.12677,10.7749,-20.00089,0.0
-21.02746,-15.48824,0.50765,2.39738,-0.77747,1000,-4.7908,12.28009,-73.40529,7.69278,-20.13471,0.0
-5.36114,-15.469,-0.00235,6.12422,0.87563,1000,-0.38233,-24.50381,-75.14301,7.78569,-20.1097,0.0
-11.43041,-15.39542,0.0105,2.10521,-1.30644,1000,2.92384,-1.8761,-78.08743,7.13423,-20.01405,0.0
-36.96966,-15.37243,0.71798,19.48975,8.84648,1000,-7.58518,-33.99664,-75.37681,8.60816,-19.98415,0.0
-37.94914,-15.36527,0.73081,19.9039,3.72218,1000,5.02197,-6.5329,-79.05452,8.123,-19.97485,0.0
17.76786,-15.46061,-0.70966,19.57173,3.73487,2000,6.42932,-7.36118,-78.25461,8.75056,-20.09879,1.0
-5.45643,-15.45704,-0.02677,7.32068,0.79117,1000,0.79917,-16.0529,-76.44978,7.47534,-20.09415,0.0
0.38011,-15.44396,-0.23025,5.07951,3.37718,2000,-12.72341,2.70855,-73.92781,9.25296,-20.07715,1.0
-32.59052,-15.36411,0.56872,18.84856,6.26366,1000,-0.62656,1.26952,-78.84421,7.82144,-19.97334,0.0
-7.26039,-15.43456,-0.02434,15.57804,-6.60967,1000,-6.10901,6.90771,-74.36569,6.45054,-20.06493,0.0
1.69658,-15.5814,0.04391,10.66862,-9.04036,2000,1.90008,45.36545,-74.8653,5.28388,-20.25582,1.0
-24.39007,-15.37974,0.36037,12.31273,3.55655,1000,-15.1384,4.25083,-79.56009,6.97744,-19.99367,0.0
-7.40757,-15.51047,0.15309,2.65888,-3.47614,1000,-0.8851,17.57436,-77.45587,6.69133,-20.16361,0.0
-27.53281,-15.47767,0.67713,16.66129,0.76666,1000,-7.08434,4.74624,-76.87286,7.76541,-20.12097,-1.0
0.7319,-15.52065,-0.0659,22.98529,-1.66302,2000,24.9081,12.68308,-73.41234,5.97823,-20.17684,1.0
-7.81802,-15.47717,0.08939,19.021,0.0975,1000,-6.50401,14.56346,-77.97989,8.14167,-20.12032,0.0
-9.84017,-15.37895,-0.07436,-7.52664,-4.4357,2000,12.65734,-1.99632,-78.18715,7.47663,-19.99264,0.0
-11.45785,-15.39572,0.01199,18.7463,9.57277,1000,14.36798,-34.25089,-78.04799,8.20356,-20.01443,0.0
2.6751,-15.58703,0.02761,-1.49658,4.61142,1000,23.09593,-26.68201,-74.60599,6.29002,-20.26313,1.0
15.31732,-15.43813,-0.688,7.49044,-1.91746,2000,8.6594,-16.72952,-77.47746,7.38112,-20.06957,1.0
-1.3829,-15.42679,-0.21694,5.40577,-0.02292,1000,4.51415,-12.55079,-76.37189,6.43578,-20.05483,0.0
14.0305,-15.43061,-0.66685,9.88071,1.67788,2000,12.7935,-23.20881,-76.97069,10.89937,-20.0598,1.0
-5.574,-15.50548,0.08715,19.46154,0.30118,1000,11.15761,-6.61388,-72.21434,8.85727,-20.15712,0.0
-9.46014,-15.43476,0.04157,14.05781,1.21991,1000,-7.15994,-13.19786,-74.24899,4.0532,-20.06519,0.0
-18.2273,-15.34848,0.10571,33.85269,8.58486,1000,-15.37338,19.76407,-79.51713,6.43092,-19.95302,0.0
-15.07337,-15.47417,0.29842,7.41908,-0.77225,1000,8.89465,-20.90925,-78.22729,7.69953,-20.11642,0.0
9.95197,-15.49239,-0.40467,15.19348,0.07836,2000,5.17964,-19.29069,-78.8399,8.67915,-20.1401,1.0
-18.41282,-15.44286,0.32642,15.47738,5.62946,1000,15.80663,-18.2694,-77.02941,5.93024,-20.07572,0.0
16.49687,-15.47479,-0.63952,14.83173,-11.7765,2000,1.12443,-5.94193,-75.98679,7.59414,-20.11722,1.0
-24.54284,-15.39627,0.40259,21.23672,5.5092,1000,-8.84576,6.93005,-78.13213,9.33227,-20.01515,0.0
-33.79933,-15.42689,0.74782,12.02314,3.40503,1000,3.22537,-21.0922,-73.99839,7.12367,-20.05496,0.0
-36.78733,-15.34003,0.6387,14.05587,4.50382,1000,-7.48998,16.59253,-79.10058,9.02732,-19.94204,0.0
-2.32312,-15.4643,-0.10346,21.24361,11.91097,1000,-0.17571,2.16769,-76.69298,6.86816,-20.10359,0.0
4012319832487.5874,-15.49049,-0.24936,-6.674,-0.49242,1000,8.64705,-21.93399,-77.7139,8.00176,-20.13764,1.0
-5.63019,-15.5245,0.1322,-9.32749,3.59241,2000,-5.57901,20.52761,-73.32795,9.45457,-20.18185,0.0
5.6846,-15.54435,-0.15922,20.33972,4.01652,2000,-2.55797,-1.81478,-76.77233,7.94805,-20.20766,1.0
12.93991,-15.51104,-0.45105,9.0158,2.72139,2000,-0.34691,2.77215,-78.79515,8.867,-20.16435,1.0
13.39212,-15.44015,-0.62611,1.88423,0.29539,2000,6.21222,-12.77443,-80.66828,8.79042,-20.0722,1.0
-11.25485,-15.46621,0.16666,5.67557,10.89428,1000,-0.44196,14.26175,-77.90792,9.56173,-20.10607,0.0
-7.4555,-15.47916,0.08313,14.09196,-3.82661,1000,-3.49594,-0.84819,-76.55884,7.66388,-20.12291,0.0
7.14762,-15.39127,-0.55174,19.60326,-4.86688,2000,-1.05101,-15.50094,-78.54098,6.91918,-20.00865,1.0
4.88169,-15.4522,-0.34543,15.26786,1.16457,2000,0.28031,-1.69741,-79.45679,8.77135,-20.08785,1.0
-31.44784,-15.46649,0.76813,-5.02351,-9.24474,2000,-1.31924,-23.53975,-78.35477,9.45653,-20.10644,0.0
-11.32534,-15.41236,0.04598,8.14898,-13.11087,1000,-19.14329,-80.76199,-77.08426,11.5382,-20.03606,0.0
-17.67541,-15.4485,0.31732,19.11482,7.15502,1000,4.18287,-6.53588,-80.05465,8.48948,-20.08305,0.0
14.23927,-15.49909,-0.51694,26.70604,-6.88873,2000,-20.09658,40.81637,-77.37365,8.27552,-20.14882,1.0
13.98144,-15.51115,-0.48178,1.20193,0.35802,2000,-3.7795,15.04331,-77.60197,8.16554,-20.1645,1.0
-7.7512,-15.48535,0.10603,4.59797,-0.96474,1000,7.63634,-19.32936,-77.69562,6.91283,-20.13095,0.0
-5.07891,-15.48454,0.02469,12.14619,4.03011,1000,2.16951,-20.5314,-78.2028,8.74756,-20.1299,0.0
10.03146,-15.45821,-0.48493,16.34183,-0.32011,2000,-0.31143,0.14249,-77.42389,7.18029,-20.09568,1.0
-23.40911,-15.4871,0.57593,11.4041,-2.24888,1000,-13.72989,18.19917,-74.93917,7.45901,-20.13324,0.0
-11.46386,-15.40314,0.02909,3.5531,4.54829,1000,-1.96286,12.15061,-77.00256,8.5389,-20.02408,0.0
-5.76354,-15.45096,-0.03149,10.96095,-0.75992,1000,2.9501,2.86508,-77.50284,8.83869,-20.08625,0.0
-5.38891,-15.43387,-0.08161,-0.49237,-1.5686,2000,4.36008,-1.16098,-79.58696,8.05877,-20.06403,0.0
-12.34799,-15.4469,0.15517,16.29862,13.79979,1000,7.3098,-16.41994,-76.23483,6.52205,-20.08097,0.0
-37.02281,-15.43597,0.86443,-5.44374,4.7038,2000,4.76932,6.20386,-76.56776,6.87255,-20.06676,0.0
-30.40847,-15.40604,0.5994,17.2854,5.90204,1000,20.13734,-46.34255,-79.16421,9.42044,-20.02786,0.0
-38.3615,-15.36394,0.74006,17.03019,-2.0077,1000,2.68886,4.07096,-75.3708,7.75374,-19.97313,0.0
12.41172,-15.39699,-0.69534,18.3885,-9.42009,2000,9.33993,-12.66547,-79.26154,8.93359,-20.01608,1.0
0.67999,-15.54911,0.00054,27.12633,0.72243,2000,16.11365,0.61076,-75.24639,5.03408,-20.21385,1.0
-32.99626,-15.38721,0.63347,-11.59819,-0.32457,2000,-3.172,-2.15561,-79.76076,6.80185,-20.00338,0.0
-37.3346,-15.42929,0.85847,-7.226,-7.93706,2000,1.63185,5.70396,-78.31601,8.37565,-20.05807,0.0
-24.45892,-15.42109,0.45667,0.45653,4.91266,1000,2.92014,-5.0233,-79.19344,8.89026,-20.04742,0.0
7.8646,-15.43535,-0.47257,10.17883,4.31515,2000,-10.7177,12.56538,-74.78465,9.3269,-20.06596,1.0
-14.53873,-15.51824,0.38299,11.73183,-0.40144,1000,10.08205,1.67511,-73.11267,10.0363,-20.17372,0.0
-26.69106,-15.41285,0.50431,12.47686,8.29134,1000,0.40264,8.56682,-77.93069,6.90355,-20.03671,0.0
3.36881,-15.50776,-0.17374,13.13138,4.44102,2000,-6.49799,-8.77207,-73.6004,8.81772,-20.16008,1.0
9.28661,-15.42199,-0.54536,15.98006,0.82487,2000,5.27302,-12.04347,-75.36363,8.82855,-20.04858,1.0
-28.3282,-15.3799,0.47789,3.22515,-7.13658,1000,6.49624,-24.03105,-77.56014,8.86739,-19.99386,0.0
3.19215,-15.51405,-0.15414,19.96548,8.40578,2000,-7.70427,-1.87962,-80.25943,9.43513,-20.16827,1.0
-10.69253,-15.35993,-0.09238,-0.61803,6.47634,2000,-10.70228,11.70864,-76.9652,7.07103,-19.9679,0.0
-33.72839,-15.43186,0.75704,-15.55626,3.72385,2000,-7.88262,-0.99134,-80.21305,6.90498,-20.06142,0.0
-13.78519,-15.50506,0.33051,17.05088,11.45535,1000,3.72013,-22.61358,-73.71509,8.06958,-20.15657,0.0
-8.88192,-15.49559,0.16302,24.03316,9.85517,1000,3.61176,-11.59676,-78.88592,7.76585,-20.14426,0.0
-37.29603,-15.40237,0.79596,4.36961,-6.89114,1000,26.03209,2.05927,-76.94731,8.75674,-20.02308,0.0
-28.82461,-15.42419,0.59364,8.82567,-0.80095,1000,3.7812,-6.53954,-74.27429,6.41051,-20.05145,0.0
-17.70506,-15.4539,0.33052,2.33811,-6.74336,1000,-13.11268,16.28487,-79.2622,7.00473,-20.09007,0.0
-11.99375,-15.4147,0.07121,6.16831,-0.64372,1000,-27.33124,-88.57943,-77.75973,10.86588,-20.03911,0.0
-4.81223,-15.49372,0.03767,0.38461,-4.55302,1000,5.89198,-12.14272,-77.3274,9.38758,-20.14183,0.0
-32.1918,-15.45583,0.76595,25.90234,0.39568,1000,1.35093,6.24857,-72.72475,7.62894,-20.09258,0.0
-11.92023,-15.41107,0.06074,-2.38863,-2.77067,2000,7.65344,-19.7297,-74.84437,9.35724,-20.03439,0.0
-28.64057,-15.37406,0.47389,16.43774,-11.12424,1000,-4.01026,3.47463,-77.13897,7.04829,-19.98628,0.0
-27.14288,-15.40121,0.49121,5.98958,3.42035,1000,1.21531,25.19756,-72.33681,5.92726,-20.02157,0.0
-9.6987,-15.45902,0.10396,1.01952,5.67575,1000,0.20672,1.20036,-76.40906,6.42478,-20.09672,0.0
1.20195,-15.56758,0.02711,1.77828,-3.75436,2000,19.40064,9.59534,-76.00645,6.27959,-20.23785,1.0
-36.99366,-15.42255,0.83297,-0.41756,-10.73394,2000,3.66539,-58.09212,-77.01789,7.49219,-20.04932,0.0
-5.51463,-15.46642,-0.00367,8.64215,5.65069,1000,-9.93763,-21.41847,-74.89966,5.28564,-20.10634,0.0
-4.36157,-15.47544,-0.01741,11.1711,3.24967,1000,12.3475,-14.19469,-77.48787,7.20659,-20.11807,0.0
-6.71143,-15.43635,-0.0366,-4.9237,-3.09048,2000,-4.75896,-6.37104,-76.72709,8.67405,-20.06726,0.0
-36.53542,-15.40677,0.78335,15.66988,-3.09328,1000,-5.44428,13.95811,-76.50855,7.24679,-20.0288,0.0
-14.90465,-15.3658,0.04634,27.7589,9.93173,1000,-2.64485,-4.74276,-77.83944,8.54938,-19.97554,0.0
-3.92835,-15.3915,-0.22166,14.76095,4.04315,1000,-3.92798,8.3646,-77.91929,7.79665,-20.00895,0.0
-8.2848,-15.4876,0.12705,7.58798,-3.76772,1000,-8.85921,-18.25107,-74.00571,6.44725,-20.13388,0.0
14.25785,-15.42488,-0.68669,7.14657,-0.62653,2000,11.2182,-25.37707,-79.88214,7.80857,-20.05234,1.0
-18.84094,-15.49813,0.46515,-18.60034,-5.16916,2000,6.71499,-6.22938,-75.39849,7.49216,-20.14757,0.0
-3.64079,-15.41531,-0.17593,-6.70607,0.1216,2000,6.0534,-31.30116,-78.55156,6.02639,-20.0399,0.0
-37.59043,-15.36619,0.72224,-1.42532,9.52689,2000,-3.49018,4.35959,-76.81418,7.37481,-19.97605,0.0
-8.83581,-15.3914,-0.07587,4.90466,-1.10874,1000,4.26325,-24.54404,-78.14564,8.10008,-20.00882,0.0
-22.67602,-15.34786,0.23669,7.88666,-0.79605,1000,-6.18689,19.68485,-78.79011,8.12721,-19.95222,0.0
-24.8888,-15.47959,0.60283,-0.88406,0.01725,2000,2.02657,-13.4743,-75.83437,8.32516,-20.12347,0.0
15.79829,-15.42614,-0.72965,-3.28567,-4.54723,1000,4.09001,-16.21032,-79.12674,7.66583,-20.05398,1.0
-9.49975,-15.46606,0.11409,4.69953,5.42337,1000,8.02229,34.11671,-74.90431,6.04476,-20.10588,0.0
-20.61811,-15.4497,0.40761,16.2698,-1.77929,1000,3.8548,21.7083,-80.08847,7.21431,-20.08461,0.0
-1.69654,-15.56631,0.11045,15.8982,-3.10284,1000,-9.28139,-4.63497,-73.6493,4.98159,-20.2362,0.0
-7.74192,-15.4348,-0.00948,9.0389,-1.04574,1000,5.94589,11.30069,-77.60901,9.08467,-20.06524,0.0
-20.52195,-15.42743,0.35398,-4.71862,-4.28827,2000,7.45256,-22.64345,-77.10836,6.77171,-20.05566,0.0
-40.36403,-15.37454,0.8238,12.96329,-0.29193,1000,7.52204,-20.07647,-76.60444,10.60475,-19.98691,0.0
-42.7317,-15.35768,0.85581,0.80233,-3.39528,1000,-10.19591,7.38936,-76.42973,8.95252,-19.96498,0.0
-19.28508,-15.4348,0.33398,8.51151,-1.77871,1000,-4.78776,-2.9694,-80.0657,6.90163,-20.06524,0.0
16.78768,-15.41127,-0.79299,26.70319,-2.83426,2000,-7.55014,18.05831,-77.12359,7.6683,-20.03465,1.0
22.8675,-15.48074,-0.8155,2.92714,6.79698,2000,-7.3507,0.89335,-79.77669,8.30197,-20.12497,1.0
-26.71628,-15.44809,0.5854,14.18062,9.1907,1000,-5.3159,-5.42589,-73.94313,7.75893,-20.08252,0.0
-0.98493,-15.48384,-0.09873,11.27684,2.83519,1000,8.15332,-14.33633,-75.11617,5.35818,-20.12899,0.0
-26.59602,-15.36587,0.39438,10.51657,-4.42467,1000,11.54406,-5.13591,-74.34629,5.79749,-19.97563,0.0
-18.94988,-15.47584,0.41758,10.76883,3.13392,1000,-6.73825,-5.28723,-79.20925,7.40182,-20.11859,0.0
-6.63077,-15.36028,-0.21243,-0.53315,1.12576,2000,-7.2884,-1.77697,-76.56809,7.92401,-19.96836,0.0
-21.65193,-15.42113,0.37324,21.83099,6.66343,1000,13.74417,-19.17575,-79.0448,9.65754,-20.04747,0.0
5.37654,-15.60171,-0.01929,19.64567,-3.97155,2000,-30.63428,21.39339,-75.52255,6.49151,-20.28222,1.0
-29.69146,-15.43196,0.63714,10.06337,-2.82353,1000,15.80865,-24.61925,-77.84635,7.45575,-20.06154,0.0
-36.42798,-15.43832,0.85209,0.23313,0.9909,1000,5.11779,-13.37161,-78.74976,8.8,-20.06982,0.0
-30.51042,-15.43026,0.65763,22.94866,-2.53798,1000,-3.44935,-10.70676,-77.98051,7.42052,-20.05933,0.0
-160993488775.4201,-15.39032,0.14733,26.72345,6.42595,1000,-12.18011,29.78801,-78.33263,6.79932,-20.00741,0.0
-35.71446,-15.38897,0.71835,-15.28121,-10.2158,2000,-7.20897,16.89002,-77.71512,7.92495,-20.00566,0.0
-19.91622,-15.47637,0.44755,-9.21646,-3.19991,2000,-6.46839,17.8787,-78.14436,8.968,-20.11929,0.0
-41.29441,-15.3375,0.76703,2.69387,-1.19649,1000,0.56225,-10.63136,-79.47553,8.01139,-19.93875,0.0
-30.26651,-15.4739,0.74987,0.55773,-5.07746,1000,0.05604,5.67547,-77.04081,8.08442,-20.11607,0.0
3.29904,-15.52992,-0.12115,11.59246,-2.92591,2000,-9.28438,-5.73399,-73.99554,7.0469,-20.18889,1.0
9.2506,-15.44824,-0.48443,11.55302,-0.23613,2000,22.21035,-51.16699,-78.42431,7.21056,-20.08271,1.0
-35.07574,-15.39933,0.72297,2.48658,-12.32154,1000,20.468,-35.55512,-78.43504,8.34536,-20.01913,0.0
9.71577,-15.46336,-0.46381,15.79639,-1.82749,2000,-1.11754,-8.19477,-78.62647,7.36862,-20.10237,1.0
7.98408,-15.39205,-0.57486,20.61281,4.32157,2000,-14.52547,19.46725,-79.26508,9.73673,-20.00966,1.0
-6.84397,-15.48115,0.06947,-6.98472,-13.45231,2000,0.94019,-5.24765,-76.74559,10.00101,-20.12549,0.0
-6.1547,-15.49691,0.08488,4.81602,5.35869,1000,-22.12287,-10.36628,-74.00378,6.10794,-20.14598,0.0
3.37219,-15.37789,-0.46991,7.4101,-2.47016,2000,18.53896,-21.56317,-75.99562,9.49826,-19.99126,1.0
-15.353,-15.50959,0.3875,-9.48067,-3.2604,2000,2.78133,22.87933,-78.68213,8.46502,-20.16247,0.0
-24.66768,-15.35991,0.32342,9.79568,-4.32767,1000,9.46023,2.5106,-78.07892,8.75037,-19.96789,0.0
-6.00435,-15.45077,-0.02477,-1.34707,-2.47604,2000,-6.34779,-36.53251,-76.71958,7.0101,-20.086,0.0
-28.00043,-15.45139,0.63113,10.65619,11.71529,1000,2.46745,1.39676,-78.18193,8.32634,-20.08681,0.0
17.69784,-15.42241,-0.79466,7.42057,-1.69901,2000,4.41276,-10.42828,-79.01301,7.49449,-20.04913,1.0
-13.07251,-15.35637,-0.02967,7.64203,-0.34732,1000,-12.81356,2.3714,-78.81998,7.70427,-19.96328,0.0
-27.08241,-15.37603,0.43201,22.6111,-4.88236,1000,-17.5367,-23.83475,-76.36524,8.76683,-19.98884,0.0
-33.88879,-15.42099,0.73703,10.31508,4.78731,1000,-15.54152,-51.44303,-73.77361,4.5172,-20.04729,0.0
-20.72126,-15.45807,0.42977,27.80645,-7.48235,1000,8.5398,-13.93925,-78.27937,6.05095,-20.09549,0.0
-10.94841,-15.52048,0.28127,-1.69689,-0.68429,2000,2.09294,-14.7609,-72.48821,8.57182,-20.17663,0.0
-3.48403,-15.47131,-0.05294,18.53508,-1.89707,1000,-19.92517,-4.57338,-75.57751,6.13367,-20.1127,0.0
-30.94249,-15.37723,0.5496,4.43934,0.62434,1000,1.1005,10.28038,-79.50661,8.79432,-19.9904,0.0
-11.391,-15.45326,0.14118,3.78976,3.91154,1000,6.51561,17.04319,-77.95726,7.89898,-20.08923,0.0
-3.41707,-15.43929,-0.12792,3.99698,2.70349,1000,13.42084,52.91141,-76.71601,11.96574,-20.07108,0.0
-6.96919,-15.41287,-0.08245,-5.45353,3.6735,2000,1.45243,-17.58551,-74.99287,9.49949,-20.03674,0.0
-25.58342,-15.51571,0.70584,2.60532,2.93704,1000,-2.47404,1.85078,-73.73458,6.0262,-20.17042,0.0
-6.72257,-15.4698,0.03998,7.90077,8.02681,1000,5.60428,-14.10144,-75.16523,7.16057,-20.11074,0.0
-10.74915,-15.46041,0.13839,12.53054,-2.93292,1000,2.31231,-6.33117,-75.98344,6.5308,-20.09853,0.0
-36.74833,-15.39123,0.75427,9.57988,-0.97816,1000,4.29909,-18.71393,-78.51819,10.19959,-20.0086,0.0
-17.10323,-15.36456,0.10893,20.16166,-1.07042,1000,4.17549,-9.70135,-77.02477,7.638,-19.97392,0.0
24.96683,-15.51767,-0.79379,23.39828,8.04704,2000,-16.56382,25.11088,-77.70307,9.13782,-20.17297,1.0
-10.50801,-15.40027,-0.0059,10.22971,-0.03684,1000,7.2996,2.76396,-76.07766,7.70861,-20.02035,0.0
-17.66739,-15.36821,0.13404,19.51833,7.42814,1000,-11.96013,1.97004,-81.11426,10.9359,-19.97867,0.0
-25.9166,-15.41807,0.49316,17.83325,2.2799,1000,-1.28413,13.47955,-78.89294,5.5787,-20.04349,0.0
-34.40487,-15.46347,0.84923,3.39673,-1.31087,1000,7.70866,-9.55202,-75.47739,9.14089,-20.10251,0.0
-25.19257,-15.43667,0.51402,-4.51668,2.49781,2000,9.53475,15.80641,-73.02926,7.11064,-20.06767,0.0
-14.23074,-15.45641,0.23287,23.33867,4.37743,1000,7.28864,20.58058,-76.67096,7.018,-20.09334,0.0
-12.28,-15.48003,0.22866,8.70139,6.57095,1000,2.71803,11.08413,-74.62637,9.27112,-20.12403,0.0
-28.03611,-15.40327,0.52248,5.6116,-4.06997,1000,15.00242,23.05212,-77.79503,8.6354,-20.02425,0.0
-22.93964,-15.42068,0.41053,8.34467,-7.82532,1000,12.92833,27.05072,-76.48181,9.64752,-20.04688,0.0
7.49866,-15.45007,-0.42815,26.7052,4.23721,2000,10.42969,-15.961,-78.10587,9.22674,-20.08509,1.0
-29.74998,-15.3475,0.44633,-6.78573,-7.63051,2000,-21.0964,-16.35356,-75.98312,11.68805,-19.95174,0.0
-29.1857,-15.47328,0.71629,19.06902,-8.44623,1000,-7.84507,23.79834,-77.8802,8.80819,-20.11526,0.0
-21.41312,-15.41986,0.36323,7.27311,-3.69716,1000,-11.86746,12.99735,-77.30901,6.97101,-20.04581,0.0
3.06665,-15.4357,-0.32903,-5.29535,-7.91838,1000,11.49136,-17.24638,-77.75932,7.84236,-20.06641,1.0
-44.29726,-15.34372,0.87056,5.72175,0.77036,1000,3.32741,10.98309,-74.22588,9.3371,-19.94683,0.0
-11.31627,-15.36368,-0.06526,24.69109,6.36581,1000,-9.19676,4.86276,-74.66765,10.19401,-19.97278,0.0
-24.3996,-15.41469,0.44032,14.53786,-1.21702,1000,9.28232,8.40986,-78.24717,6.86647,-20.0391,0.0
-16.08011,-15.48329,0.34916,27.55611,4.26061,1000,1.21846,11.26013,-80.12969,7.78405,-20.12827,0.0
-10.86632,-15.39522,-0.00674,22.77252,10.73454,1000,4.57997,-1.05845,-79.70525,7.78706,-20.01379,0.0
22.19808,-15.494,-0.76536,5.54482,0.52048,2000,-13.68496,33.57353,-77.56319,8.13411,-20.1422,1.0
-23.47724,-15.40417,0.3889,22.2484,4.05155,1000,-16.63797,20.91187,-78.33589,7.78164,-20.02543,0.0
2.62875,-15.43946,-0.30742,-12.88041,-5.20675,1000,9.81902,50.65884,-74.45955,5.58647,-20.0713,1.0
-9.96417,-15.49085,0.18442,11.08476,4.5707,1000,-15.01115,21.33535,-78.72014,8.37516,-20.1381,0.0
-35.78765,-15.35703,0.64772,7.00846,-3.87087,1000,20.58086,48.96436,-72.18579,5.1325,-19.96414,0.0
-23.20434,-15.46351,0.51604,6.31167,-1.28875,1000,9.15312,-18.10811,-77.57085,7.89499,-20.10256,0.0
2.80885,-15.54121,-0.08081,19.81027,-6.92307,2000,-9.54896,41.95121,-75.97628,5.87573,-20.20358,1.0
-5.69176,-15.46208,-0.00828,31.92786,8.0267,1000,-9.57198,7.81194,-75.53813,7.26022,-20.10071,0.0
18.68856,-15.49067,-0.66854,23.83817,1.51315,2000,-0.88924,13.57836,-77.64052,6.17961,-20.13787,1.0
-22.62493,-15.43745,0.43939,-0.40327,0.18043,2000,-22.40402,-1.79986,-73.90687,9.6497,-20.06868,0.0
-17.08734,-15.45895,0.32365,9.50039,2.93604,1000,1.88504,9.32211,-76.50446,8.75619,-20.09663,0.0
-35.8908,-15.42179,0.79842,15.36434,1.36996,1000,-18.59925,36.3524,-76.6653,6.12665,-20.04833,0.0
-28.19534,-15.34721,0.39942,14.9059,3.90593,1000,5.45342,-14.0319,-78.94746,9.57365,-19.95137,0.0
-23.3716,-15.43987,0.46712,3.85236,-2.27707,1000,-1.92687,21.42732,-76.04963,7.92883,-20.07183,0.0
-4.87197,-15.53156,0.12572,10.22604,-0.4214,1000,-7.20922,1.03991,-78.588,9.67779,-20.19103,0.0
11.19939,-15.42669,-0.59155,-7.1598,0.67818,1000,-11.95322,16.55447,-76.57923,10.5198,-20.0547,1.0
-12.31676,-15.39415,0.03397,12.58413,3.72722,1000,12.56568,-3.86231,-78.13172,5.71217,-20.01239,0.0
-24.39197,-15.36506,0.32694,11.7485,-2.36905,1000,11.65321,1.57339,-77.53731,7.93355,-19.97457,0.0
-31.56806,-15.352,0.51069,12.79021,-11.59561,1000,10.87504,7.50146,-78.62883,7.72604,-19.9576,0.0
-18.28033,-15.47446,0.39449,-6.25847,-2.11088,2000,-5.61367,30.00112,-79.58818,9.33581,-20.11679,0.0
-7.21926,-15.52637,0.18372,24.83583,6.69433,1000,6.11762,-1.53877,-77.82294,8.03344,-20.18428,0.0
-7.03331,-15.42826,-0.04546,24.81479,0.17869,1000,-2.09286,0.82687,-76.4354,8.92446,-20.05674,0.0
-16.77581,-15.42804,0.2439,0.26802,-3.33727,1000,-1.55961,12.97649,-76.62718,8.41131,-20.05645,0.0
-31.33113,-15.38595,0.58104,-0.61104,1.94116,2000,-2.98037,-20.87079,-76.97699,8.97448,-20.00174,0.0
-27.06941,-15.41023,0.50959,10.90281,-0.33089,1000,7.53938,-13.1151,-78.55699,8.1635,-20.0333,0.0
-10.9647,-15.41629,0.04422,23.57399,3.07751,1000,0.16406,-7.43615,-78.63692,6.86868,-20.04118,0.0
9.62214,-15.48375,-0.41453,-2.79083,4.13791,1000,10.00958,-13.72384,-78.67284,8.15922,-20.12888,1.0
-13.65238,-15.36596,0.00945,10.04245,-0.73717,1000,-14.14003,-54.13475,-76.37979,8.15108,-19.97575,0.0
-41.65043,-15.33375,0.76909,5.10682,0.35757,1000,-1.40735,-3.07896,-77.41084,8.90686,-19.93388,0.0
-6.01205,-15.52099,0.13554,10.38254,-5.75546,1000,-6.77571,30.78647,-78.27858,9.84834,-20.17728,0.0
26.59112,-15.52084,-0.83489,8.31104,3.2658,2000,-7.20239,12.93842,-79.15813,7.79392,-20.17709,1.0
-21.61615,-15.46653,0.47569,0.1867,2.4225,1000,-1.28182,-7.47715,-76.16965,5.96926,-20.10649,0.0
-11.08743,-15.38449,-0.02464,14.41474,-5.47117,1000,3.2851,-3.05811,-77.2243,7.43833,-19.99983,0.0
-18.06777,-15.44089,0.31165,12.40714,4.42609,1000,-0.75253,-14.11154,-77.64816,11.17469,-20.07316,0.0
20.38842,-15.49914,-0.6998,21.13683,-0.51973,2000,-3.2719,7.19058,-79.90608,7.42943,-20.14888,1.0
-21.72893,-15.35944,0.2349,6.18525,-7.81368,1000,0.35194,-3.15371,-74.9791,8.40056,-19.96728,0.0
-26.08452,-15.38244,0.41693,0.71134,-0.80744,1000,-12.49716,0.06595,-73.11988,6.06073,-19.99717,0.0
-27.94008,-15.3893,0.48778,10.81064,-5.07395,1000,17.38302,-14.24773,-76.9127,12.52147,-20.00609,0.0
-15.76402,-15.35927,0.05703,19.74569,5.17833,1000,8.63003,29.86444,-78.34798,9.88979,-19.96706,0.0
-30.11574,-15.42537,0.63475,6.48135,5.34899,1000,-7.56161,16.10096,-79.68603,10.01361,-20.05298,0.0
3.49384,-15.40066,-0.42163,4.86293,1.94775,2000,2.80195,5.91976,-79.41552,7.29296,-20.02086,1.0
-27.5685,-15.40303,0.50803,11.90625,2.17323,1000,1.64161,-14.4582,-76.77676,8.27973,-20.02394,0.0
-29.26495,-15.36595,0.47397,12.09992,-5.74133,1000,-18.11615,-30.46202,-73.38804,7.05806,-19.97574,0.0
-35.90131,-15.39545,0.73869,7.00047,-3.04469,1000,3.44546,-3.80975,-73.3481,8.03782,-20.01409,0.0
-29.16966,-15.377,0.49633,4.6266,-5.8628,1000,-21.17966,-16.38289,-78.26091,10.04778,-19.9901,0.0
-7.70358,-15.45258,0.02992,4.4508,1.95811,1000,-4.44057,0.60214,-78.50585,8.23369,-20.08835,0.0
-40.62729,-15.36394,0.80747,1.73587,-5.09954,1000,-30.2746,-41.55682,-76.34933,8.78352,-19.97313,0.0
4.03556,-15.44676,-0.33264,4.16197,3.91578,2000,-15.41508,35.58318,-77.96454,8.36645,-20.08079,1.0
0.92089,-15.50023,-0.11806,25.98358,-3.22069,2000,11.41386,-15.57326,-82.83377,8.67132,-20.1503,1.0
-0.88813,-15.49785,-0.06966,7.67732,-5.53407,1000,-15.73042,0.47002,-79.08377,7.47777,-20.14721,0.0
-8.74228,-15.41645,-0.02153,15.63991,-1.87616,1000,-3.55116,10.10735,-79.02647,7.8239,-20.04139,0.0
-27.1617,-15.47292,0.65526,6.24311,-2.28115,1000,-0.3451,19.87706,-73.67766,9.01837,-20.1148,0.0
-39.21473,-15.3544,0.74368,6.65978,1.71256,1000,-3.176,-14.06547,-74.951,7.23518,-19.96071,0.0
-4.12076,-15.48989,0.00837,15.03614,-3.97667,1000,10.43314,3.76819,-74.18871,7.43264,-20.13686,0.0
20.19865,-15.47627,-0.7463,18.5474,-3.6131,2000,-2.5853,4.45967,-77.01577,6.11169,-20.11915,1.0
-7.85559,-15.47791,0.09219,4.71997,-1.50616,1000,2.83651,0.37768,-79.37623,7.13082,-20.12128,0.0
-17.31024,-15.39739,0.18993,9.71974,-10.44585,1000,1.29535,24.96058,-72.77696,7.42781,-20.0166,0.0
-6.56101,-15.47395,0.04463,-4.25651,-2.27147,2000,11.49356,-22.17364,-77.20132,8.28834,-20.11613,0.0
-27.82322,-15.39318,0.49314,5.85312,2.19628,1000,2.68125,17.71048,-75.9938,8.54027,-20.01113,0.0
20.6968,-15.47082,-0.77354,21.59123,-1.50509,2000,-6.76706,9.30562,-76.03823,7.94104,-20.11206,1.0
1.90371,-15.46933,-0.21775,19.06209,5.26845,2000,4.39692,3.93252,-77.14786,8.86909,-20.11013,1.0
-12.495,-15.42484,0.10923,5.7498,-0.29988,1000,21.91708,-27.30865,-73.61433,6.76594,-20.05229,0.0
-14.19796,-15.42959,0.17074,-6.51107,4.98159,2000,-25.54592,-14.31122,-75.63272,11.19373,-20.05847,0.0
-0.04839,-15.5353,-0.00927,-0.57341,-6.35389,2000,-3.56718,25.90772,-78.51965,8.15367,-20.19589,0.0
-2.53265,-15.51718,0.02333,-0.02397,-7.52408,2000,-1.71781,-23.56164,-79.39096,8.39565,-20.17233,0.0
-24.92003,-15.36053,0.33233,13.9728,-2.80988,1000,-9.87604,15.77697,-77.55276,8.56223,-19.96869,0.0
-5.4092,-15.51812,0.11106,12.49312,2.70115,1000,-18.60344,7.80213,-77.25851,6.88371,-20.17355,0.0
-9.65216,-15.41796,0.00898,10.91071,-3.65545,1000,-2.15262,15.80914,-76.9691,6.19324,-20.04335,0.0
-23.58959,-15.40956,0.40451,3.84438,2.7434,1000,8.91207,1.94017,-77.81737,10.89011,-20.03242,0.0
-21.47727,-15.3979,0.31509,15.52699,3.79147,1000,5.31906,-18.67022,-76.02352,6.47887,-20.01727,0.0
-17.36896,-15.36997,0.12917,9.74204,0.46315,1000,4.00953,-9.05621,-77.80881,7.59208,-19.98096,0.0
8.98063,-15.61607,-0.0938,19.8896,3.37946,2000,-20.99807,-14.17525,-71.43901,5.05234,-20.30088,1.0
-18.34111,-15.48526,0.42094,19.81325,0.08114,1000,-20.69245,18.76425,-77.32937,7.19041,-20.13084,0.0
-9.03565,-15.36823,-0.12275,4.67357,-5.62284,1000,6.25223,-1.81968,-74.0104,7.98509,-19.9787,0.0
2.45504,-15.46604,-0.24166,28.5615,6.88804,2000,-2.24863,26.59667,-75.32107,8.58772,-20.10585,1.0
8.24894,-15.4568,-0.43511,12.24298,3.21931,2000,-3.59305,11.54326,-76.71678,9.11043,-20.09384,1.0
-21.64208,-15.40887,0.34501,16.53205,-4.58506,1000,17.3923,-40.38977,-77.57582,7.67191,-20.03154,0.0
-37.95594,-15.36833,0.73798,9.28696,0.15393,1000,-4.13868,-9.19976,-72.74338,8.98546,-19.97882,0.0
-34.65884,-15.4022,0.7171,21.18441,0.9118,1000,-11.65594,0.6241,-77.12464,8.24348,-20.02286,0.0
-2.8567,-15.45813,-0.10165,-4.15363,2.17206,2000,-14.41254,24.15373,-77.25434,11.07201,-20.09557,0.0
-13.58828,-15.36148,-0.00267,-3.2508,0.43966,2000,16.63979,39.37944,-76.14204,8.98026,-19.96993,0.0
-30.88314,-15.42387,0.65416,3.47375,-1.21747,1000,6.26313,15.54225,-74.16291,9.30753,-20.05103,0.0
-37.26678,-15.41018,0.81289,9.63744,-3.79478,1000,3.64309,29.72864,-77.49945,9.21463,-20.03323,0.0
-2.89417,-15.47853,-0.05402,1.5595,-0.50901,1000,11.93023,0.24646,-74.70023,5.5354,-20.12209,0.0
-1.40836,-15.49453,-0.06176,11.34108,-1.1358,1000,-7.64753,24.42878,-77.97,7.47798,-20.14289,0.0
-35.11939,-15.37607,0.67123,21.80259,4.12023,1000,5.64591,8.91763,-77.83581,6.88837,-19.98889,0.0
-1.72224,-15.41401,-0.23598,2.56687,3.44965,1000,13.02082,-15.60395,-76.12156,7.35388,-20.03821,0.0
-11.02631,-15.44537,0.11235,17.40768,4.83031,1000,-0.96365,-9.7903,-76.94959,8.5726,-20.07898,0.0
-2.07329,-15.45869,-0.12368,-4.23892,0.76052,2000,-21.54654,-37.28532,-75.91496,5.02784,-20.0963,0.0
-24.37606,-15.44062,0.49872,3.83885,0.31516,1000,12.8744,-32.27543,-77.82129,7.1683,-20.0728,0.0
-4.05265,-15.39097,-0.21917,20.62994,2.90472,1000,28.79576,52.40007,-73.68237,5.41878,-20.00826,0.0
0.97394,-15.41778,-0.30762,0.12341,-0.23913,2000,21.43502,15.18555,-76.72264,8.67304,-20.04311,1.0
-21.22162,-15.42959,0.37973,4.60769,0.71917,1000,-2.85465,2.46527,-77.46046,6.85351,-20.05847,0.0
-44.28863,-15.32822,0.83498,20.09899,-2.84269,1000,-6.01896,-8.44078,-76.35467,8.76247,-19.92669,0.0
-6.56469,-15.43576,-0.04232,23.7389,4.33908,1000,-23.7214,-17.64745,-74.52021,10.49857,-20.06649,0.0
14.07109,-15.40062,-0.73642,8.66248,-7.15983,2000,-4.27524,8.37367,-77.53814,7.8457,-20.02081,1.0
-32.25197,-15.44471,0.74239,-0.42867,-3.3346,2000,8.87355,-19.35771,-76.80918,7.33685,-20.07812,0.0
-4.02661,-15.45651,-0.07052,13.73961,3.44385,1000,7.38212,-14.81717,-79.32002,8.58108,-20.09347,0.0
-34.34186,-15.40401,0.7118,21.39309,-3.52752,1000,5.99368,5.20091,-74.0887,5.38919,-20.02522,0.0
-31.41361,-15.42494,0.67239,2.32512,-5.14735,1000,1.56923,12.03241,-73.79509,7.278,-20.05243,0.0
-23.74717,-15.43836,0.47487,14.99047,-0.47002,1000,-3.27214,18.68137,-78.89021,8.73116,-20.06987,0.0
-1.11514,-15.49722,-0.06435,4.16314,-12.54103,1000,5.93897,-9.50958,-71.55482,8.1944,-20.14638,0.0
-13.16394,-15.46797,0.22748,2.94984,-6.50307,1000,-13.41852,15.43858,-74.05012,8.54113,-20.10837,0.0
17.78716,-15.50077,-0.61869,12.32313,-4.08781,2000,-5.75746,18.23794,-80.46295,9.45591,-20.15099,1.0
-35.68901,-15.42631,0.80271,6.16157,-7.02645,1000,5.315,47.20316,-75.43163,11.11219,-20.0542,0.0
-25.67681,-15.47506,0.61596,9.88053,-3.28614,1000,-6.08601,17.93034,-77.34694,8.87982,-20.11758,0.0
-28.11691,-15.36288,0.43281,-7.11141,-3.42452,2000,8.89996,19.23963,-79.8076,7.98477,-19.97174,0.0
-3.87342,-15.37526,-0.26031,10.16559,5.75079,1000,0.25064,-4.21328,-76.3259,8.50948,-19.98784,0.0
1.00693,-15.50559,-0.1084,10.54198,-2.65325,2000,-2.45012,-36.33317,-75.18605,5.79628,-20.15727,1.0
4.724,-15.59274,-0.02034,20.15342,-6.34491,2000,-9.8427,-7.77073,-73.15413,5.193,-20.27056,1.0
-7.63718,-15.47209,0.07242,-10.55026,-7.25075,2000,-1.48603,15.7834,-79.59332,10.31265,-20.11372,0.0
17.16278,-15.46049,-0.69194,17.47049,-3.39307,2000,11.69257,-25.72376,-75.7579,7.74007,-20.09863,1.0
-1.00507,-15.46025,-0.15192,5.16293,1.59042,1000,8.55851,6.65096,-75.97237,10.82264,-20.09832,0.0
-37.98922,-15.40792,0.82925,10.76566,-6.59904,1000,-5.69371,12.64898,-71.86377,10.01822,-20.0303,0.0
0.89089,-15.45392,-0.22276,12.1877,-4.04666,2000,6.90232,-14.51529,-80.96988,7.19846,-20.09009,1.0
-23.73071,-15.47467,0.55715,7.99206,-0.88565,1000,-5.64312,12.35575,-77.34145,9.90811,-20.11707,0.0
-32.37537,-15.46948,0.80253,4.98639,-0.9484,1000,-5.84255,6.23606,-75.2968,8.50407,-20.11032,0.0
-34.50822,-15.44613,0.81278,19.22793,7.02529,1000,-16.4115,45.73634,-80.30337,10.13587,-20.07997,0.0
16.82739,-15.46559,-0.67034,6.44558,-0.14486,2000,5.15225,6.17098,-75.47559,8.31965,-20.10526,1.0
-19.50319,-15.47717,0.43707,-10.09096,6.39195,2000,18.49418,0.84831,-75.38371,8.87771,-20.12032,0.0
-29.50938,-15.34098,0.42431,1.87253,11.14118,1000,5.15474,-18.01932,-77.56287,7.67766,-19.94327,0.0
-23.87755,-15.41366,0.42244,-8.31554,-4.79333,2000,18.30086,-30.97903,-77.9403,9.01145,-20.03776,0.0
-11.49117,-15.47201,0.18692,18.22867,-2.13032,1000,-2.05999,-12.57873,-76.38773,7.38709,-20.11362,0.0
-26.46052,-15.44049,0.56045,7.28857,0.44259,1000,-11.69063,14.80392,-78.42092,8.13708,-20.07263,0.0
-15.95845,-15.44043,0.24783,10.31107,-0.41888,1000,-13.49387,14.01384,-76.96109,9.0779,-20.07255,0.0
